1981,1,1,0.06418,24.574,13.802,19.188
1981,1,2,0,25.245,12.811,19.028
1981,1,3,0,25.541,12.455,18.998
1981,1,4,0,26.28,13.63,19.955
1981,1,5,0.081177,27.36,14.715,21.037
1981,1,6,0,27.04,15.437,21.239
1981,1,7,0,27.092,15.549,21.32
1981,1,8,0,24.768,11.853,18.31
1981,1,9,0.36148,22.854,11.988,17.421
1981,1,10,6.222,21.537,13.504,17.521
1981,1,11,1.6626,21.324,13.837,17.581
1981,1,12,32.687,19.517,12.645,16.081
1981,1,13,0,19.243,11.999,15.621
1981,1,14,0,20.92,10.392,15.656
1981,1,15,0,21.02,10.237,15.628
1981,1,16,0.077522,22.999,11.089,17.044
1981,1,17,0.0038869,23.588,12.002,17.795
1981,1,18,0.00099135,24.115,13.646,18.88
1981,1,19,0.27453,22.128,13.163,17.645
1981,1,20,0,23.074,11.628,17.351
1981,1,21,0,23.489,10.995,17.242
1981,1,22,0,24.8,11.966,18.383
1981,1,23,0.37917,26.022,14.159,20.09
1981,1,24,0,27.271,17.291,22.281
1981,1,25,6.0214,26.879,16.278,21.578
1981,1,26,5.3064,26.28,16.353,21.317
1981,1,27,0.091123,25.652,15.715,20.684
1981,1,28,0.11095,26.312,15.857,21.085
1981,1,29,0,26.496,15.106,20.801
1981,1,30,0,27.859,16.662,22.261
1981,1,31,0,29.252,18.043,23.648
1981,2,1,0.013444,29.295,17.621,23.458
1981,2,2,0,28.457,15.88,22.168
1981,2,3,0,26.408,14.638,20.523
1981,2,4,0,26.598,14.624,20.611
1981,2,5,0,27.955,16.293,22.124
1981,2,6,0,29.207,16.981,23.094
1981,2,7,0.014461,29.887,16.921,23.404
1981,2,8,0,30.251,17.36,23.805
1981,2,9,0.27427,30.44,18.121,24.28
1981,2,10,0.26279,29.565,15.927,22.746
1981,2,11,0.091976,25.442,11.652,18.547
1981,2,12,0,25.751,12.109,18.93
1981,2,13,0,28.018,13.423,20.72
1981,2,14,0,30.102,15.587,22.845
1981,2,15,0,30.683,15.91,23.296
1981,2,16,0,31.429,17.167,24.298
1981,2,17,0,31.856,18.334,25.095
1981,2,18,0,31.681,17.44,24.561
1981,2,19,0,31.54,17.804,24.672
1981,2,20,0,31.658,17.931,24.794
1981,2,21,0.11157,31.607,18.03,24.818
1981,2,22,0,31.37,17.753,24.562
1981,2,23,0,30.94,16.892,23.916
1981,2,24,0,31.482,17.389,24.436
1981,2,25,0,31.951,18.412,25.182
1981,2,26,0,33.289,19.066,26.178
1981,2,27,0,34.039,18.777,26.408
1981,2,28,0,34.202,19.08,26.641
1981,3,1,0,34.252,19.483,26.868
1981,3,2,0,33.741,18.288,26.014
1981,3,3,0,32.122,16.937,24.53
1981,3,4,0,30.842,15.905,23.373
1981,3,5,0,31.258,16.871,24.064
1981,3,6,0.058142,32.431,17.326,24.878
1981,3,7,0,33.409,19.034,26.221
1981,3,8,0,33.478,19.49,26.484
1981,3,9,0.010139,33.984,20.767,27.375
1981,3,10,0.10229,33.922,20.171,27.046
1981,3,11,0.13811,32.366,20.113,26.239
1981,3,12,7.727,31.837,19.944,25.891
1981,3,13,1.3197,29.72,17.928,23.824
1981,3,14,0,29.19,19.405,24.298
1981,3,15,0,30.316,20.949,25.632
1981,3,16,0.68746,30.503,20.105,25.304
1981,3,17,11.018,28.758,19.684,24.221
1981,3,18,0.31669,31.11,20.419,25.764
1981,3,19,0,32.407,21.926,27.166
1981,3,20,7.8314,33.133,21.703,27.418
1981,3,21,31.264,31.644,21.079,26.361
1981,3,22,4.9552,30.877,20.329,25.603
1981,3,23,10.482,30.629,19.198,24.913
1981,3,24,0.0084733,31.273,19.805,25.539
1981,3,25,0.0010301,31.257,19.682,25.47
1981,3,26,1.8477e-06,31.808,19.294,25.551
1981,3,27,0,32.489,20.47,26.48
1981,3,28,0,33.842,21.76,27.801
1981,3,29,0,34.555,22.405,28.48
1981,3,30,0,34.232,23.354,28.793
1981,3,31,0.028385,34.026,22.553,28.289
1981,4,1,0,33.957,22.532,28.245
1981,4,2,0.068784,34.788,23.381,29.084
1981,4,3,0,35.658,24.121,29.89
1981,4,4,0,36.057,24.083,30.07
1981,4,5,0.12827,36.17,23.319,29.744
1981,4,6,0.54752,36.049,23.104,29.576
1981,4,7,0.023209,35.136,20.625,27.881
1981,4,8,0.58457,34.72,20.045,27.383
1981,4,9,0,35.339,20.481,27.91
1981,4,10,0.12829,36.119,22.19,29.154
1981,4,11,0,37.157,23.328,30.243
1981,4,12,0,37.323,23.675,30.499
1981,4,13,0.080317,38.173,25.671,31.922
1981,4,14,0,38.098,25.583,31.841
1981,4,15,0,38.701,25.659,32.18
1981,4,16,0.17865,39.052,26.041,32.546
1981,4,17,0,39.024,25.811,32.417
1981,4,18,0,38.936,26.599,32.767
1981,4,19,0,38.722,26.777,32.749
1981,4,20,0.3091,38.553,26.227,32.39
1981,4,21,0.034361,38.619,26.335,32.477
1981,4,22,12.603,38.258,25.16,31.709
1981,4,23,0.18972,38.147,26.023,32.085
1981,4,24,0.075423,37.018,24.618,30.818
1981,4,25,0,35.776,24.659,30.218
1981,4,26,1.4883,36.706,24.276,30.491
1981,4,27,0.407,34.759,22.337,28.548
1981,4,28,0,35.328,24.302,29.815
1981,4,29,2.5374,36.28,25.815,31.047
1981,4,30,1.5316,36.77,25.783,31.277
1981,5,1,0,33.827,23.775,28.801
1981,5,2,0,35.984,25.3,30.642
1981,5,3,1.0822,37.705,25.855,31.78
1981,5,4,11.761,36.754,22.659,29.706
1981,5,5,0.68255,34.243,23.872,29.058
1981,5,6,0.22676,34.957,23.732,29.344
1981,5,7,0,33.31,23.139,28.225
1981,5,8,0.0060438,32.818,23.543,28.18
1981,5,9,1.3714,34.65,22.479,28.565
1981,5,10,0,32.834,23.739,28.287
1981,5,11,0.87725,33.253,23.909,28.581
1981,5,12,0.42391,35.114,25.391,30.253
1981,5,13,0,36.521,26.185,31.353
1981,5,14,0.63394,38.624,27.15,32.887
1981,5,15,0.66677,39.524,28.973,34.248
1981,5,16,0,40.347,28.107,34.227
1981,5,17,1.0785,40.387,28.796,34.591
1981,5,18,0.61517,40.039,27.305,33.672
1981,5,19,0,40.23,27.932,34.081
1981,5,20,0.15039,40.152,28.255,34.204
1981,5,21,0,39.915,29.25,34.582
1981,5,22,0.097514,39.476,28.985,34.23
1981,5,23,0.13492,37.916,27.175,32.545
1981,5,24,0,37.229,27.578,32.403
1981,5,25,0,39.402,28.333,33.868
1981,5,26,0.67993,40.666,29.872,35.269
1981,5,27,0.0010306,40.199,29.035,34.617
1981,5,28,0.19848,39.941,28.687,34.314
1981,5,29,0.68498,38.961,28.721,33.841
1981,5,30,1.8635,39.04,28.118,33.579
1981,5,31,0.14819,38.354,28.335,33.344
1981,6,1,0.88103,38.39,26.313,32.351
1981,6,2,0,35.826,27.59,31.708
1981,6,3,0.007546,37.991,26.956,32.473
1981,6,4,0,37.881,28.083,32.982
1981,6,5,1.981,36.665,26.322,31.493
1981,6,6,16.09,35.012,25.141,30.077
1981,6,7,0,35.185,25.447,30.316
1981,6,8,0,38.577,27.301,32.939
1981,6,9,5.203,38.303,28.128,33.216
1981,6,10,4.6512,37.945,27.141,32.543
1981,6,11,0.1359,35.842,26.622,31.232
1981,6,12,0.58977,37.427,29.164,33.295
1981,6,13,0,37.902,28.788,33.345
1981,6,14,0.27377,37.656,29.601,33.629
1981,6,15,0.37314,38.561,29.272,33.917
1981,6,16,0.63914,38.654,29.765,34.21
1981,6,17,0.54174,39.103,28.775,33.939
1981,6,18,0.020333,35.622,28.057,31.84
1981,6,19,0.32413,34.435,25.906,30.171
1981,6,20,4.2646,35.343,26.3,30.821
1981,6,21,3.7564,34.602,25.872,30.237
1981,6,22,11.453,30.728,23.898,27.313
1981,6,23,15.37,28.512,22.104,25.308
1981,6,24,1.0382,28.635,23.532,26.084
1981,6,25,5.6337,28.513,23.517,26.015
1981,6,26,0.024669,27.687,23.11,25.399
1981,6,27,0.55242,28.21,23.667,25.938
1981,6,28,0.18071,28.772,24.338,26.555
1981,6,29,7.8852,29.04,23.408,26.224
1981,6,30,8.1623,27.411,23.368,25.389
1981,7,1,5.3038,27.309,23.542,25.425
1981,7,2,1.6071,28.251,23.848,26.05
1981,7,3,0.037453,27.837,23.907,25.872
1981,7,4,1.3137,28.874,24.003,26.439
1981,7,5,0.15781,29.731,24.325,27.028
1981,7,6,4.0705,28.329,23.128,25.728
1981,7,7,17.746,27.03,22.823,24.926
1981,7,8,2.9714,26.628,22.805,24.716
1981,7,9,0.57622,26.867,23.015,24.941
1981,7,10,0.40203,28.094,23.507,25.8
1981,7,11,10.868,28.632,24.459,26.546
1981,7,12,31.716,28.374,22.917,25.645
1981,7,13,12.91,26.33,22.299,24.314
1981,7,14,2.3976,25.847,22.325,24.086
1981,7,15,0.58362,27.5,23.862,25.681
1981,7,16,14.928,28.804,24.005,26.404
1981,7,17,2.1371,28.612,23.865,26.239
1981,7,18,2.2988,27.984,23.224,25.604
1981,7,19,0.31269,28.651,24.003,26.327
1981,7,20,2.9615,28.946,24.652,26.799
1981,7,21,3.0038,29.728,24.394,27.061
1981,7,22,24.287,29.848,24.868,27.358
1981,7,23,35.262,27.378,23.056,25.217
1981,7,24,5.3195,27.613,23.594,25.604
1981,7,25,1.1679,29.485,24.898,27.192
1981,7,26,10.328,30.196,25.096,27.646
1981,7,27,5.2445,29.023,23.351,26.187
1981,7,28,0.021172,27.561,23.643,25.602
1981,7,29,0.34552,29.7,24.752,27.226
1981,7,30,14.122,30.603,25.469,28.036
1981,7,31,15.089,29.759,23.847,26.803
1981,8,1,9.4916,26.82,22.979,24.899
1981,8,2,0.63357,28.151,23.605,25.878
1981,8,3,62.151,27.614,23.059,25.336
1981,8,4,45.471,26.94,23.143,25.041
1981,8,5,6.1707,25.749,22.353,24.051
1981,8,6,1.8442,25.976,22.741,24.359
1981,8,7,15.526,26.281,23.272,24.777
1981,8,8,48.533,27.81,23.289,25.55
1981,8,9,133.16,26.231,22.424,24.327
1981,8,10,0.42904,26.377,22.813,24.595
1981,8,11,0,28.788,23.467,26.127
1981,8,12,0.0036954,29.956,24.473,27.215
1981,8,13,8.337,29.485,24.438,26.961
1981,8,14,24.669,27.208,22.928,25.068
1981,8,15,54.595,25.09,22.071,23.58
1981,8,16,12.625,25.121,22.205,23.663
1981,8,17,0.038168,27.049,22.966,25.007
1981,8,18,19.44,28.276,23.356,25.816
1981,8,19,1.7095,29.388,24.186,26.787
1981,8,20,0.73503,30.089,24.936,27.512
1981,8,21,0.22873,29.802,24.279,27.041
1981,8,22,27.703,27.48,23.024,25.252
1981,8,23,3.2323,26.815,22.666,24.741
1981,8,24,0.29811,29.413,23.834,26.624
1981,8,25,0.015969,30.199,24.005,27.102
1981,8,26,6.5369e-06,30.175,24.134,27.155
1981,8,27,0.1015,30.116,23.323,26.719
1981,8,28,1.2493,30.278,24.457,27.368
1981,8,29,0.47553,29.369,23.254,26.311
1981,8,30,0.28607,29.29,23.407,26.349
1981,8,31,15.526,29.168,23.386,26.277
1981,9,1,14.387,30.366,24.56,27.463
1981,9,2,14.389,29.818,23.179,26.498
1981,9,3,11.501,28.835,22.874,25.855
1981,9,4,16.363,28.917,23.865,26.391
1981,9,5,15.905,28.58,22.535,25.557
1981,9,6,12.475,28.857,23.523,26.19
1981,9,7,0.53736,28.445,22.646,25.545
1981,9,8,5.8361,29.365,24.005,26.685
1981,9,9,0.030534,29.665,22.941,26.303
1981,9,10,0.67914,30.04,23.58,26.81
1981,9,11,1.6436,29.075,23.048,26.062
1981,9,12,0.54185,29.624,23.427,26.526
1981,9,13,0.7061,29.062,22.644,25.853
1981,9,14,0,29.857,23.592,26.724
1981,9,15,28.089,29.995,22.701,26.348
1981,9,16,15.392,29.708,23.187,26.447
1981,9,17,3.5248,30.341,22.661,26.501
1981,9,18,3.5928,29.035,23.17,26.103
1981,9,19,0.10598,27.433,22.365,24.899
1981,9,20,0.49841,27.699,22.509,25.104
1981,9,21,0.58044,27.957,22.517,25.237
1981,9,22,2.1066,29.373,23.14,26.256
1981,9,23,0.029574,29.779,23.074,26.427
1981,9,24,0,30.325,23.886,27.105
1981,9,25,15.642,30.024,23.04,26.532
1981,9,26,37.149,29.591,22.322,25.957
1981,9,27,33.262,27.483,22.401,24.942
1981,9,28,0.47214,28.073,22.906,25.49
1981,9,29,0.42759,27.94,22.959,25.449
1981,9,30,2.4773,29.073,23.061,26.067
1981,10,1,10.884,30.147,23.272,26.709
1981,10,2,1.4059,30.517,23.414,26.966
1981,10,3,0.3419,30.058,23.172,26.615
1981,10,4,0.79479,30.536,23.471,27.003
1981,10,5,0.013982,30.428,23.137,26.782
1981,10,6,0,30.774,22.455,26.615
1981,10,7,0.20546,30.13,22.575,26.352
1981,10,8,0.53781,30.691,21.942,26.316
1981,10,9,0,30.766,21.645,26.206
1981,10,10,0.24083,30.722,20.576,25.649
1981,10,11,0.83304,30.414,19.815,25.115
1981,10,12,1.4673,30.285,19.533,24.909
1981,10,13,0.047795,29.862,19.289,24.575
1981,10,14,0,29.111,19.95,24.531
1981,10,15,0.28414,29.472,21.018,25.245
1981,10,16,0.0315,29.948,20.575,25.262
1981,10,17,0.12912,29.894,19.261,24.577
1981,10,18,1.9087,29.867,19.322,24.595
1981,10,19,0.1054,30.335,18.815,24.575
1981,10,20,0,30.758,19.587,25.172
1981,10,21,0,30.662,18.124,24.393
1981,10,22,0,29.451,17.817,23.634
1981,10,23,0,29.363,19.062,24.212
1981,10,24,0,29.386,20.092,24.739
1981,10,25,0,30.165,22.024,26.095
1981,10,26,0.4775,30.464,22.124,26.294
1981,10,27,1.1165,30.33,21.542,25.936
1981,10,28,0.098523,29.903,22.113,26.008
1981,10,29,2.7109,28.262,21.407,24.834
1981,10,30,0,29.746,22.202,25.974
1981,10,31,0.36306,29.675,21.497,25.586
1981,11,1,0.16237,30.438,22.197,26.318
1981,11,2,0,30.617,21.697,26.157
1981,11,3,0.024939,30.466,21.877,26.172
1981,11,4,0,31.387,22.033,26.71
1981,11,5,0,30.926,21.644,26.285
1981,11,6,0,29.343,18.742,24.042
1981,11,7,0,28.832,18.959,23.895
1981,11,8,0,29.381,19.743,24.562
1981,11,9,0,29.373,18.987,24.18
1981,11,10,0,29.21,17.504,23.357
1981,11,11,0,28.926,16.609,22.768
1981,11,12,0,28.849,17.116,22.983
1981,11,13,0,28.281,18.35,23.315
1981,11,14,0.053921,28.708,18.002,23.355
1981,11,15,0.017391,27.976,17.009,22.492
1981,11,16,0.013565,27.416,15.978,21.697
1981,11,17,0,26.572,14.918,20.745
1981,11,18,0,26.082,13.859,19.97
1981,11,19,0,25.563,13.805,19.684
1981,11,20,0,25.656,13.428,19.542
1981,11,21,0,25.457,13.227,19.342
1981,11,22,0.096871,25.051,12.949,19
1981,11,23,0,25.033,11.776,18.404
1981,11,24,0,25.569,11.624,18.596
1981,11,25,0,25.951,11.325,18.638
1981,11,26,0.024951,26.096,11.768,18.932
1981,11,27,0,26.007,12.155,19.081
1981,11,28,0,25.618,12.243,18.93
1981,11,29,0,25.778,12.875,19.326
1981,11,30,0,26.553,14.297,20.425
1981,12,1,0,26.695,14.371,20.533
1981,12,2,0,26.34,14.046,20.193
1981,12,3,0.022844,26.324,14.585,20.454
1981,12,4,0,26.436,14.486,20.461
1981,12,5,0,25.835,12.631,19.233
1981,12,6,0,25.337,12.67,19.003
1981,12,7,0.25337,25.444,13.002,19.223
1981,12,8,1.2934e-10,25.99,15.176,20.583
1981,12,9,0.076544,23.786,13.287,18.536
1981,12,10,0,22.339,13.088,17.714
1981,12,11,0,22.796,13.192,17.994
1981,12,12,0,23.745,13.637,18.691
1981,12,13,0,25.385,15.034,20.209
1981,12,14,0.0069,26.32,15.441,20.881
1981,12,15,0,26.746,15.848,21.297
1981,12,16,0,26.106,15.334,20.72
1981,12,17,0,25.746,13.755,19.751
1981,12,18,0,25.701,15.102,20.402
1981,12,19,0,25.284,15.201,20.243
1981,12,20,0,26.073,16.098,21.086
1981,12,21,0,26.489,17.235,21.862
1981,12,22,0,25.218,16.607,20.913
1981,12,23,0,24.078,15.728,19.903
1981,12,24,0,25.004,15.327,20.165
1981,12,25,0,24.92,14.097,19.508
1981,12,26,0,24.708,12.718,18.713
1981,12,27,0,24.596,11.81,18.203
1981,12,28,0,24.663,10.833,17.748
1981,12,29,0,24.799,11.12,17.96
1981,12,30,0,25.475,11.974,18.724
1981,12,31,0,25.931,13.148,19.54
1982,1,1,0,25.44,12.813,19.126
1982,1,2,0,25.323,12.989,19.156
1982,1,3,0,25.588,13.359,19.473
1982,1,4,0,26.132,13.693,19.913
1982,1,5,0.019674,26.571,14.08,20.326
1982,1,6,0,26.237,14.653,20.445
1982,1,7,0.07483,25.958,14.269,20.114
1982,1,8,0.018343,27.575,14.874,21.225
1982,1,9,0,26.692,15.349,21.02
1982,1,10,0,27.1,16.24,21.67
1982,1,11,0.29252,27.103,16.175,21.639
1982,1,12,0.096226,25.04,15.877,20.458
1982,1,13,0,25.085,16.09,20.587
1982,1,14,5.1185e-07,26.268,16.929,21.598
1982,1,15,0,26.882,17.261,22.072
1982,1,16,0.022174,27.573,17.285,22.429
1982,1,17,0,28.277,17.2,22.739
1982,1,18,0,28.638,17.44,23.039
1982,1,19,0.01702,27.978,16.933,22.455
1982,1,20,0,27.795,17.366,22.58
1982,1,21,0,28.132,17.297,22.715
1982,1,22,0,28.681,18.167,23.424
1982,1,23,0.010813,28.575,17.589,23.082
1982,1,24,0,28.662,18.028,23.345
1982,1,25,0,29.097,18.16,23.628
1982,1,26,0,28.345,16.248,22.296
1982,1,27,0,27.409,16.078,21.743
1982,1,28,0,26.998,16.367,21.682
1982,1,29,0,27.378,17.05,22.214
1982,1,30,0.12785,27.016,17.243,22.129
1982,1,31,0.096226,25.904,16.703,21.303
1982,2,1,6.1073,23.911,15.784,19.848
1982,2,2,0,25.427,15.907,20.667
1982,2,3,0.3815,26.838,17.016,21.927
1982,2,4,0.19378,27.649,17.875,22.762
1982,2,5,0.94888,26.538,17.216,21.877
1982,2,6,0.069481,26.58,15.52,21.05
1982,2,7,0,26.595,15.34,20.968
1982,2,8,0,27.13,16.352,21.741
1982,2,9,0,27.592,15.964,21.778
1982,2,10,0,28.698,15.294,21.996
1982,2,11,0,28.937,15.143,22.04
1982,2,12,0,30.016,16.817,23.417
1982,2,13,0.0029872,30.746,18.853,24.8
1982,2,14,0,30.296,18.568,24.432
1982,2,15,0,29.749,16.926,23.337
1982,2,16,7.1767e-07,29.758,17.588,23.673
1982,2,17,2.0628,30.472,18.719,24.595
1982,2,18,6.5585e-11,30.033,18.487,24.26
1982,2,19,0.0024126,30.147,17.37,23.759
1982,2,20,2.9597e-07,29.792,15.969,22.88
1982,2,21,0,31.087,17.54,24.313
1982,2,22,0,31.541,18.763,25.152
1982,2,23,0.069766,31.302,19.338,25.32
1982,2,24,0.0087352,30.839,19.012,24.926
1982,2,25,0,30.169,18.782,24.476
1982,2,26,0,31.233,19.904,25.569
1982,2,27,0,32.273,20.335,26.304
1982,2,28,0,32.579,18.486,25.533
1982,3,1,0.19993,31.11,19.456,25.283
1982,3,2,2.5314,30.782,19.268,25.025
1982,3,3,15.326,28.674,17.493,23.083
1982,3,4,0,29.407,18.073,23.74
1982,3,5,0.75081,30.544,19.476,25.01
1982,3,6,0,32.347,19.478,25.913
1982,3,7,0,31.283,18.92,25.102
1982,3,8,0,30.879,19.057,24.968
1982,3,9,0,31.847,20.539,26.193
1982,3,10,0.049209,32.395,20.684,26.54
1982,3,11,0,32.093,20.025,26.059
1982,3,12,3.1877,31.751,20.286,26.019
1982,3,13,0,31.914,19.587,25.75
1982,3,14,0,31.741,17.386,24.563
1982,3,15,1.8249e-05,32.264,17.782,25.023
1982,3,16,0.20429,33.034,19.337,26.185
1982,3,17,0.78569,34.264,21.274,27.769
1982,3,18,2.4521,34.381,22.241,28.311
1982,3,19,0,33.804,21.639,27.722
1982,3,20,0,33.68,21.421,27.55
1982,3,21,0,34.206,21.896,28.051
1982,3,22,0,34.882,21.54,28.211
1982,3,23,0,35.462,22.57,29.016
1982,3,24,0,34.574,22.522,28.548
1982,3,25,0,34.087,21.793,27.94
1982,3,26,1.1291,33.789,21.342,27.566
1982,3,27,0.48674,33.06,21.241,27.151
1982,3,28,0,33.182,20.52,26.851
1982,3,29,0,33.613,21.06,27.337
1982,3,30,0,35.114,21.892,28.503
1982,3,31,0,35.732,21.897,28.815
1982,4,1,0.30905,37.119,22.379,29.749
1982,4,2,0,37.928,23.328,30.628
1982,4,3,0,38.246,22.801,30.523
1982,4,4,0,38.21,22.8,30.505
1982,4,5,0.34845,38.263,23.575,30.919
1982,4,6,0.43199,37.536,24.896,31.216
1982,4,7,15.543,36.988,24.255,30.622
1982,4,8,0.077949,35.938,23.068,29.503
1982,4,9,0,36.442,23.338,29.89
1982,4,10,0,36.031,22.216,29.123
1982,4,11,0.017114,36.656,23.337,29.996
1982,4,12,0.13668,35.528,23.456,29.492
1982,4,13,0.040677,35.257,23.356,29.306
1982,4,14,0.052953,35.26,23.2,29.23
1982,4,15,0.26985,36.244,23.84,30.042
1982,4,16,0,36.438,24.388,30.413
1982,4,17,0.37612,36.232,23.655,29.944
1982,4,18,0.26965,35.042,22.498,28.77
1982,4,19,0.015693,34.421,23.779,29.1
1982,4,20,0,34.798,23.684,29.241
1982,4,21,0.35704,34.99,23.967,29.478
1982,4,22,0.11097,34.537,21.847,28.192
1982,4,23,0.24718,34.841,23.771,29.306
1982,4,24,0.23328,36.843,24.438,30.64
1982,4,25,1.5661,37.076,25.349,31.212
1982,4,26,0,36.659,24.802,30.731
1982,4,27,0.0019428,35.833,24.475,30.154
1982,4,28,0,36.574,25.368,30.971
1982,4,29,0,36.972,25.944,31.458
1982,4,30,1.6363,36.711,25.517,31.114
1982,5,1,0,36.917,25.606,31.262
1982,5,2,0.083993,36.341,25.478,30.909
1982,5,3,0,36.347,25.702,31.025
1982,5,4,0,37.75,26.747,32.249
1982,5,5,0.48679,38.484,27.245,32.864
1982,5,6,0,38.389,27.022,32.705
1982,5,7,0,38.6,27.328,32.964
1982,5,8,0.028574,38.925,27.247,33.086
1982,5,9,0.84907,38.442,27.504,32.973
1982,5,10,0,37.602,26.73,32.166
1982,5,11,0.73959,37.068,25.445,31.257
1982,5,12,2.2902,37.042,26.161,31.602
1982,5,13,0.20051,36.791,26.163,31.477
1982,5,14,0.015744,35.176,25.794,30.485
1982,5,15,1.7252,34.984,24.302,29.643
1982,5,16,1.5486,34.566,23.606,29.086
1982,5,17,0.00015732,32.216,23.432,27.824
1982,5,18,0.15641,33.951,23.97,28.961
1982,5,19,1.7107,35.689,24.312,30
1982,5,20,0.23389,36.504,25.98,31.242
1982,5,21,1.0211,36.366,26.326,31.346
1982,5,22,0.63762,36.775,26.334,31.555
1982,5,23,0.057149,36.927,25.273,31.1
1982,5,24,0,36.1,25.022,30.561
1982,5,25,0,37.165,26.264,31.714
1982,5,26,0,37.59,27.6,32.595
1982,5,27,0,37.964,28.125,33.045
1982,5,28,0.77198,38.36,27.905,33.132
1982,5,29,1.0314,38.655,28.615,33.635
1982,5,30,0.68621,38.606,28.404,33.505
1982,5,31,0.13159,39.468,28.452,33.96
1982,6,1,0,38.511,29.46,33.986
1982,6,2,0,37.922,29.015,33.469
1982,6,3,0,38.156,28.026,33.091
1982,6,4,0,37.384,27.622,32.503
1982,6,5,0,37.112,26.614,31.863
1982,6,6,0,38.735,27.687,33.211
1982,6,7,0,38.54,28.522,33.531
1982,6,8,0,38.273,28.024,33.149
1982,6,9,0,38.385,29.724,34.055
1982,6,10,0.70095,38.96,28.691,33.825
1982,6,11,42.313,36.784,28.056,32.42
1982,6,12,0.10717,35.659,26.404,31.031
1982,6,13,2.8406,32.98,25.765,29.373
1982,6,14,14.067,32.852,24.595,28.724
1982,6,15,4.427,31.984,24.703,28.343
1982,6,16,3.5368,32.439,24.955,28.697
1982,6,17,4.7498,31.621,24.012,27.816
1982,6,18,0.042577,31.91,26.206,29.058
1982,6,19,0.057642,34.097,26.671,30.384
1982,6,20,0.38608,33.133,26.782,29.958
1982,6,21,22.667,32.283,25.937,29.11
1982,6,22,4.6178,30.668,24.415,27.541
1982,6,23,9.2338,29.451,23.545,26.498
1982,6,24,4.7985,30.452,24.717,27.584
1982,6,25,2.2936,31.694,25.774,28.734
1982,6,26,24.503,32.296,24.686,28.491
1982,6,27,13.768,30.469,24.529,27.499
1982,6,28,4.8562,31.587,25.355,28.471
1982,6,29,0,33.127,25.901,29.514
1982,6,30,0,34.326,26.768,30.547
1982,7,1,0,35.023,27.126,31.075
1982,7,2,0,35.268,26.724,30.996
1982,7,3,0.032142,35.023,27.612,31.317
1982,7,4,0.48607,34.421,27.187,30.804
1982,7,5,0.083471,34.324,27.135,30.73
1982,7,6,0.8886,34.236,26.774,30.505
1982,7,7,6.3118,33.474,27.041,30.257
1982,7,8,0,33.79,26.244,30.017
1982,7,9,9.0867,33.732,24.753,29.243
1982,7,10,31.395,31.538,24.848,28.193
1982,7,11,52.437,30.296,24.501,27.399
1982,7,12,1.0464,29.709,24.32,27.014
1982,7,13,0.8018,29.102,24.467,26.785
1982,7,14,0.038044,30.792,25.855,28.323
1982,7,15,9.6773,30.816,24.907,27.862
1982,7,16,4.2737,29.995,23.983,26.989
1982,7,17,20.553,28.705,23.634,26.169
1982,7,18,58.532,29.745,23.848,26.796
1982,7,19,30.223,28.209,23.788,25.998
1982,7,20,35.057,28.092,24.025,26.059
1982,7,21,1.0393,28.203,24.018,26.111
1982,7,22,0.53184,29.487,25.075,27.281
1982,7,23,0.69754,30.105,24.636,27.37
1982,7,24,19.7,28.839,23.638,26.239
1982,7,25,5.958,27.948,23.67,25.809
1982,7,26,1.6256,28.723,24.216,26.47
1982,7,27,1.4821,28.139,24.056,26.097
1982,7,28,13.447,27.881,23.729,25.805
1982,7,29,9.8314,27.988,23.406,25.697
1982,7,30,0.49025,28.599,24.194,26.396
1982,7,31,2.1932,28.624,23.977,26.3
1982,8,1,4.047,29.126,24.207,26.667
1982,8,2,18.959,28.482,23.996,26.239
1982,8,3,0.58327,28.048,23.418,25.733
1982,8,4,0,28.359,24.083,26.221
1982,8,5,0.40832,29.531,24.688,27.11
1982,8,6,0.79729,29.206,24.356,26.781
1982,8,7,50.827,27.341,23,25.17
1982,8,8,14.669,25.027,21.865,23.446
1982,8,9,0.0071505,26.659,22.207,24.433
1982,8,10,0.41762,28.41,23.444,25.927
1982,8,11,0.11939,28.388,23.925,26.156
1982,8,12,43.871,26.889,23.377,25.133
1982,8,13,80.353,25.532,22.531,24.032
1982,8,14,10.317,25.637,22.92,24.278
1982,8,15,4.0903,27.546,23.758,25.652
1982,8,16,12.691,27.623,23.613,25.618
1982,8,17,26.087,26.166,22.994,24.58
1982,8,18,1.1466,27.782,23.327,25.555
1982,8,19,0.16833,26.268,23.145,24.706
1982,8,20,0,26.133,23.276,24.704
1982,8,21,13.762,27.629,23.609,25.619
1982,8,22,2.0806,28.023,23.505,25.764
1982,8,23,6.9117,27.637,22.746,25.191
1982,8,24,0.93726,27.27,23.085,25.177
1982,8,25,0,27.895,23.309,25.602
1982,8,26,0.25137,28.088,23.405,25.746
1982,8,27,41.512,27.313,23.326,25.32
1982,8,28,18.084,26.514,22.637,24.576
1982,8,29,21.814,26.751,22.753,24.752
1982,8,30,24.625,26.826,22.801,24.813
1982,8,31,0,28.039,23.274,25.656
1982,9,1,0.2662,29.777,23.749,26.763
1982,9,2,7.9969,30.283,23.853,27.068
1982,9,3,0.14212,30.213,23.507,26.86
1982,9,4,1.1489,30.416,23.592,27.004
1982,9,5,0.2193,30.145,23.68,26.912
1982,9,6,1.6264,27.651,22.547,25.099
1982,9,7,0.19042,27.597,22.943,25.27
1982,9,8,14.101,29.085,23.483,26.284
1982,9,9,32.393,28.514,23.872,26.193
1982,9,10,25.889,28.031,22.929,25.48
1982,9,11,7.3306,27.251,23.117,25.184
1982,9,12,4.5094,27.939,23.343,25.641
1982,9,13,2.4429,28.162,23.26,25.711
1982,9,14,2.6317,30.32,23.699,27.01
1982,9,15,5.5876,30.816,24.237,27.527
1982,9,16,0,30.499,23.109,26.804
1982,9,17,13.166,30.859,24.097,27.478
1982,9,18,4.0633,31.027,24.14,27.584
1982,9,19,2.7155,30.8,23.325,27.063
1982,9,20,1.0002,30.655,23.273,26.964
1982,9,21,0.16121,31.361,23.865,27.613
1982,9,22,0.087486,31.013,23.343,27.178
1982,9,23,2.9964,30.999,22.542,26.771
1982,9,24,1.669,29.678,22.656,26.167
1982,9,25,0.36947,29.452,22.22,25.836
1982,9,26,0.97174,29.895,22.684,26.29
1982,9,27,0.22438,30.232,22.667,26.449
1982,9,28,0.78442,30.525,21.141,25.833
1982,9,29,0.8978,30.081,20.673,25.377
1982,9,30,0.1345,30.969,20.944,25.956
1982,10,1,0.3003,31.695,21.594,26.645
1982,10,2,0.16922,31.885,21.233,26.559
1982,10,3,0,31.347,21.028,26.188
1982,10,4,0,31.07,21.344,26.207
1982,10,5,0,30.887,20.939,25.913
1982,10,6,0,30.86,21.291,26.075
1982,10,7,0,31.026,21.184,26.105
1982,10,8,0,31.159,21.373,26.266
1982,10,9,0,31.719,21.237,26.478
1982,10,10,0,31.852,21.8,26.826
1982,10,11,0,31.343,21.344,26.344
1982,10,12,0,31.496,21.174,26.335
1982,10,13,0,31.549,20.973,26.261
1982,10,14,0,31.587,21.371,26.479
1982,10,15,0,31.17,21.08,26.125
1982,10,16,0,30.935,21.636,26.286
1982,10,17,3.6352,28.515,21.221,24.868
1982,10,18,0,27.3,20.594,23.947
1982,10,19,0,29.801,21.647,25.724
1982,10,20,0,28.851,22.611,25.731
1982,10,21,1.5199,27.955,21.304,24.63
1982,10,22,24.884,26.009,20.545,23.277
1982,10,23,0,28.271,20.904,24.587
1982,10,24,0,28.491,21.2,24.845
1982,10,25,0,29.699,20.649,25.174
1982,10,26,0,29.469,21.234,25.351
1982,10,27,0,29.886,21.333,25.61
1982,10,28,9.5882,29.36,20.855,25.107
1982,10,29,0,28.946,20.32,24.633
1982,10,30,0,29.427,19.847,24.637
1982,10,31,0,29.599,19.515,24.557
1982,11,1,0,29.08,18.983,24.031
1982,11,2,0,28.513,18.399,23.456
1982,11,3,0,28.798,19.148,23.973
1982,11,4,2.6895,29.147,20.001,24.574
1982,11,5,0.34581,29.581,20.084,24.833
1982,11,6,0.34472,29.328,19.396,24.362
1982,11,7,0,29.734,19.716,24.725
1982,11,8,0.03746,29.175,21.484,25.33
1982,11,9,16.499,27.956,21.001,24.479
1982,11,10,0.0004504,28.051,20.799,24.425
1982,11,11,0.13109,28.173,21.118,24.646
1982,11,12,0.34321,27.637,20.782,24.209
1982,11,13,0.4479,28.23,20.022,24.126
1982,11,14,0.16036,27.413,17.346,22.38
1982,11,15,0.14272,27.054,17.485,22.27
1982,11,16,0,27.854,17.367,22.61
1982,11,17,1.4536e-05,27.703,16.361,22.032
1982,11,18,0.029928,28.022,16.757,22.39
1982,11,19,0,28.198,16.503,22.351
1982,11,20,0.16405,28.26,16.896,22.578
1982,11,21,0.00033188,27.866,17.157,22.512
1982,11,22,0.00089034,27.274,17.968,22.621
1982,11,23,0.00030817,26.499,16.847,21.673
1982,11,24,0,27.307,16.675,21.991
1982,11,25,0,27.557,15.219,21.388
1982,11,26,0,27.169,15.107,21.138
1982,11,27,0,27.614,15.788,21.701
1982,11,28,0.027915,27.417,16.672,22.044
1982,11,29,0.065284,26.474,16.009,21.242
1982,11,30,0,25.418,14.286,19.852
1982,12,1,0,25.608,13.25,19.429
1982,12,2,0,25.718,12.444,19.081
1982,12,3,0.27119,26.081,12.165,19.123
1982,12,4,0.34812,26.275,12.444,19.36
1982,12,5,0.60644,26.838,13.456,20.147
1982,12,6,0.68276,26.856,13.466,20.161
1982,12,7,0,27.501,14.299,20.9
1982,12,8,0,27.547,15.055,21.301
1982,12,9,0,27.333,15.072,21.202
1982,12,10,0.0061935,27.288,15.105,21.196
1982,12,11,0.003785,27.188,13.7,20.444
1982,12,12,0.001126,26.718,13.751,20.234
1982,12,13,0,26.541,16.539,21.54
1982,12,14,0,26.106,15.891,20.999
1982,12,15,0,27.564,15.094,21.329
1982,12,16,0,28,15.609,21.804
1982,12,17,0,28.243,15.429,21.836
1982,12,18,0,28.383,15.534,21.958
1982,12,19,0,28.658,15.854,22.256
1982,12,20,0,28.13,15.999,22.065
1982,12,21,0,27.969,15.917,21.943
1982,12,22,0,27.431,15.711,21.571
1982,12,23,0,27.302,15.189,21.245
1982,12,24,0,27.94,16.425,22.183
1982,12,25,0,27.692,15.829,21.76
1982,12,26,0,26.76,15.028,20.894
1982,12,27,0,27.309,14.447,20.878
1982,12,28,0,26.728,14.741,20.735
1982,12,29,0,27.2,16.741,21.971
1982,12,30,0,27.045,14.722,20.884
1982,12,31,0,24.967,11.908,18.438
1983,1,1,0,25.153,12.172,18.663
1983,1,2,0,26.649,13.388,20.019
1983,1,3,0,25.105,11.372,18.239
1983,1,4,0.042371,24.278,9.7296,17.004
1983,1,5,0,24.192,9.7688,16.981
1983,1,6,0,23.74,9.8792,16.809
1983,1,7,0,25.581,10.547,18.064
1983,1,8,0,27.361,11.703,19.532
1983,1,9,0.019165,27.951,13.786,20.868
1983,1,10,0,26.872,13.928,20.4
1983,1,11,0.0094193,26.844,13.722,20.283
1983,1,12,0,26.993,13.716,20.355
1983,1,13,0,27.256,15.219,21.237
1983,1,14,0.023747,26.174,14.277,20.226
1983,1,15,0,26.695,15.657,21.176
1983,1,16,0,27.22,15.896,21.558
1983,1,17,0,27.554,15.307,21.43
1983,1,18,0,27.568,15.149,21.359
1983,1,19,0,27.713,15.544,21.629
1983,1,20,0.014644,28.306,16.341,22.324
1983,1,21,0,27.357,14.039,20.698
1983,1,22,0,26.862,13.403,20.132
1983,1,23,0,27.105,15.127,21.116
1983,1,24,0,26.836,16.427,21.631
1983,1,25,0,27.893,16.023,21.958
1983,1,26,0.16731,27.747,16.476,22.112
1983,1,27,0,27.87,16.034,21.952
1983,1,28,0,27.575,16.299,21.937
1983,1,29,0,27.899,16.526,22.212
1983,1,30,0,27.785,16.087,21.936
1983,1,31,0,27.619,14.895,21.257
1983,2,1,0,27.204,14.764,20.984
1983,2,2,0.0090199,27.163,14.824,20.994
1983,2,3,0,27.126,14.704,20.915
1983,2,4,0,25.557,13.746,19.652
1983,2,5,0,24.918,13.152,19.035
1983,2,6,0.20735,25.487,15.16,20.323
1983,2,7,38.319,25.103,15.617,20.36
1983,2,8,14.952,25.393,17.415,21.404
1983,2,9,63.436,26.28,16.974,21.627
1983,2,10,0.081581,25.23,16.947,21.088
1983,2,11,0.050938,26.168,16.934,21.551
1983,2,12,0.0081477,27.541,18.351,22.946
1983,2,13,0,28.993,19.117,24.055
1983,2,14,0,29.083,18.983,24.033
1983,2,15,0,29.689,19.335,24.512
1983,2,16,0,30.748,19.805,25.276
1983,2,17,0,31.528,19.692,25.61
1983,2,18,0,32.138,19.742,25.94
1983,2,19,0,31.883,18.723,25.303
1983,2,20,0,30.87,18.604,24.737
1983,2,21,0,30.717,17.275,23.996
1983,2,22,0,30.282,16.437,23.359
1983,2,23,0,30.629,17.002,23.816
1983,2,24,0,30.879,18.628,24.753
1983,2,25,6.381,31.426,20.157,25.791
1983,2,26,0.10926,30.564,18.648,24.606
1983,2,27,0,30.449,16.903,23.676
1983,2,28,0,30.753,16.272,23.512
1983,3,1,0,31.687,17.812,24.75
1983,3,2,0,32.971,20.848,26.909
1983,3,3,0,33.06,19.818,26.439
1983,3,4,0,32.382,20.403,26.393
1983,3,5,0,32.863,20.919,26.891
1983,3,6,0.013421,32.575,20.076,26.325
1983,3,7,0,31.808,19.155,25.481
1983,3,8,0,32.146,19.253,25.7
1983,3,9,0,33.228,19.573,26.401
1983,3,10,0,34.751,21.259,28.005
1983,3,11,0,35.119,22.457,28.788
1983,3,12,0.63547,35.802,21.761,28.781
1983,3,13,0,36.35,21.235,28.793
1983,3,14,0,35.956,19.781,27.868
1983,3,15,0.015764,36.275,21.564,28.919
1983,3,16,0,35.315,21.308,28.311
1983,3,17,0,34.283,19.402,26.842
1983,3,18,0,35.106,20.887,27.997
1983,3,19,0,35.631,22.467,29.049
1983,3,20,1.5031,36.181,23.241,29.711
1983,3,21,1.4537,35.235,21.777,28.506
1983,3,22,0,32.376,17.569,24.972
1983,3,23,0,32.449,17.034,24.741
1983,3,24,0,32.648,17.5,25.074
1983,3,25,0,33.107,18.885,25.996
1983,3,26,0,34.364,22.437,28.401
1983,3,27,0,35.377,22.244,28.811
1983,3,28,0,36.288,23.016,29.652
1983,3,29,0,35.89,21.776,28.833
1983,3,30,0.0014389,35.825,21.559,28.692
1983,3,31,0.023848,36.176,22.608,29.392
1983,4,1,0,36.609,23.278,29.944
1983,4,2,0,36.708,23.725,30.216
1983,4,3,0,36.534,23.642,30.088
1983,4,4,0,37.254,23.956,30.605
1983,4,5,0,36.789,22.961,29.875
1983,4,6,0,37.402,23.621,30.512
1983,4,7,0,37.608,23.731,30.67
1983,4,8,0,37.651,24.786,31.219
1983,4,9,0.041838,36.829,24.12,30.475
1983,4,10,0.093537,36.668,23.708,30.188
1983,4,11,0.16431,35.82,22.425,29.123
1983,4,12,0.0017647,36.316,23.356,29.836
1983,4,13,0.31586,36.676,23.999,30.338
1983,4,14,0.18739,36.452,23.963,30.207
1983,4,15,0.0023344,36.638,24.679,30.659
1983,4,16,0.98936,36.417,23.843,30.13
1983,4,17,0.20836,35.083,23.676,29.38
1983,4,18,0.87931,34.857,23.694,29.275
1983,4,19,9.1127,34.37,22.607,28.489
1983,4,20,0.31002,34.382,22.886,28.634
1983,4,21,1.3683,35.003,22.764,28.884
1983,4,22,1.9245,35.254,24.502,29.878
1983,4,23,0.0018629,35.786,24.207,29.997
1983,4,24,0,36.655,24.548,30.602
1983,4,25,0,37.271,25.529,31.4
1983,4,26,0.33746,37.619,25.841,31.73
1983,4,27,0,38.25,26.774,32.512
1983,4,28,0,38.559,27.059,32.809
1983,4,29,0.040001,38.584,27.14,32.862
1983,4,30,0,38.908,27.672,33.29
1983,5,1,0,38.464,26.661,32.563
1983,5,2,0,38.599,26.339,32.469
1983,5,3,0,39.211,26.52,32.865
1983,5,4,0,39.438,26.398,32.918
1983,5,5,0,39.266,26.93,33.098
1983,5,6,0,39.181,28.064,33.622
1983,5,7,0.10389,37.979,24.91,31.445
1983,5,8,1.4611,37.502,26.194,31.848
1983,5,9,0.0011145,36.699,24.776,30.738
1983,5,10,0.079857,37.293,25.007,31.15
1983,5,11,0.19977,36.271,25.138,30.704
1983,5,12,3.543,36.24,24.663,30.451
1983,5,13,12.541,35.767,25.887,30.827
1983,5,14,0.089964,36.789,24.569,30.679
1983,5,15,0,37.057,27.909,32.483
1983,5,16,0,37.066,25.485,31.276
1983,5,17,0.067862,36.597,25.771,31.184
1983,5,18,0.95126,37.021,24.654,30.838
1983,5,19,2.6909,35.59,25.98,30.785
1983,5,20,0.06816,36.42,25.453,30.937
1983,5,21,5.558,35.15,24.31,29.73
1983,5,22,0.018518,36.327,25.931,31.129
1983,5,23,0.032304,37.731,26.397,32.064
1983,5,24,0.70231,38.556,26.267,32.411
1983,5,25,0.76151,38.474,27.361,32.917
1983,5,26,0.58807,38.868,27.488,33.178
1983,5,27,0.36716,38.632,26.963,32.797
1983,5,28,0.029114,38.826,27.419,33.122
1983,5,29,4.6639,39.745,28.116,33.931
1983,5,30,0,39.985,28.967,34.476
1983,5,31,0.029107,40.811,30.083,35.447
1983,6,1,0.47156,40.235,28.878,34.557
1983,6,2,0.52641,40.178,29.114,34.646
1983,6,3,1.5247,40.874,29.667,35.27
1983,6,4,0,40.48,30.019,35.25
1983,6,5,0.52138,40.288,28.658,34.473
1983,6,6,0.39202,39.794,30.3,35.047
1983,6,7,0.039036,40.983,30.61,35.797
1983,6,8,0.028429,41.018,29.843,35.431
1983,6,9,0.16551,39.841,29.641,34.741
1983,6,10,0.017218,39.28,28.122,33.701
1983,6,11,0,38.315,28.708,33.511
1983,6,12,0.65451,37.657,26.05,31.854
1983,6,13,0.01897,34.669,27.597,31.133
1983,6,14,0.74229,35.671,27.364,31.518
1983,6,15,0.059788,34.856,26.109,30.482
1983,6,16,0.03694,33.604,26.231,29.918
1983,6,17,0.064652,34.664,26.62,30.642
1983,6,18,0.16631,35.804,27.757,31.78
1983,6,19,0.34214,35.976,28.513,32.244
1983,6,20,0.1109,36.746,28.537,32.642
1983,6,21,1.1853,36.122,29.09,32.606
1983,6,22,1.2376,35.816,28.178,31.997
1983,6,23,12.733,33.082,25.119,29.101
1983,6,24,53.714,32.217,24.364,28.29
1983,6,25,29.459,30.726,24.312,27.519
1983,6,26,35.557,28.512,23.342,25.927
1983,6,27,32.385,27.382,23.659,25.521
1983,6,28,1.2383,27.769,23.89,25.829
1983,6,29,0.70491,29.24,23.953,26.596
1983,6,30,1.9098,30.738,24.695,27.716
1983,7,1,14.031,30.172,23.988,27.08
1983,7,2,4.7668,28.382,23.38,25.881
1983,7,3,1.121,29.892,24.227,27.059
1983,7,4,1.5789,31.058,25.327,28.192
1983,7,5,5.1928,30.738,24.189,27.464
1983,7,6,6.7698,29.593,24.277,26.935
1983,7,7,0.31944,30.147,23.873,27.01
1983,7,8,0.22915,31.222,24.798,28.01
1983,7,9,12.598,31.575,24.432,28.003
1983,7,10,20.664,29.99,23.188,26.589
1983,7,11,19.983,27.38,23.266,25.323
1983,7,12,9.0626,28.28,23.87,26.075
1983,7,13,3.0815,28.87,24.184,26.527
1983,7,14,0.58782,30.922,25.3,28.111
1983,7,15,4.4029,30.964,25.277,28.121
1983,7,16,4.2601,31.106,25.605,28.355
1983,7,17,17.287,30.851,25.357,28.104
1983,7,18,5.7038,31.188,24.359,27.773
1983,7,19,31.156,28.537,23.47,26.004
1983,7,20,55.045,27.152,22.836,24.994
1983,7,21,0.99632,26.764,23.616,25.19
1983,7,22,0.85983,27.888,24.067,25.977
1983,7,23,1.261,29.566,24.401,26.983
1983,7,24,22.64,30.184,24.547,27.366
1983,7,25,5.6032,29.355,24.315,26.835
1983,7,26,0,28.63,24.366,26.498
1983,7,27,0.20825,29.056,24.03,26.543
1983,7,28,2.6798,28.933,24.286,26.609
1983,7,29,18.911,28.487,23.294,25.891
1983,7,30,12.85,27.661,23.504,25.583
1983,7,31,0.44725,27.518,23.101,25.31
1983,8,1,8.2863,26.909,23.336,25.122
1983,8,2,38.536,27.116,23.649,25.382
1983,8,3,31.365,26.044,22.665,24.354
1983,8,4,29.245,26.782,22.773,24.777
1983,8,5,0.60203,28.004,23.891,25.948
1983,8,6,6.8406,28.791,24.067,26.429
1983,8,7,61.351,27.806,24.194,26
1983,8,8,9.2356,27.903,24.035,25.969
1983,8,9,0.2229,28.939,23.576,26.258
1983,8,10,6.039,27.872,23.288,25.58
1983,8,11,1.4817,27.638,23.706,25.672
1983,8,12,6.5214,27.824,23.584,25.704
1983,8,13,0.018894,27.547,23.808,25.678
1983,8,14,0.22473,27.708,24.002,25.855
1983,8,15,0.51347,28.634,24.446,26.54
1983,8,16,0.7811,28.755,24.313,26.534
1983,8,17,4.0254,29.207,24.345,26.776
1983,8,18,28.994,28.2,23.86,26.03
1983,8,19,36.956,27.852,23.755,25.803
1983,8,20,6.9372,27.261,23.964,25.613
1983,8,21,2.6564,30.045,24.501,27.273
1983,8,22,1.2922,29.259,24.195,26.727
1983,8,23,0.3944,30.489,24.594,27.541
1983,8,24,1.2518,30.691,24.066,27.379
1983,8,25,3.8469,30.395,24.351,27.373
1983,8,26,0.25072,30.189,24.43,27.31
1983,8,27,2.8297,29.988,24.304,27.146
1983,8,28,15.896,28.972,24.053,26.512
1983,8,29,18.29,27.477,22.638,25.058
1983,8,30,0.70491,28.186,23.489,25.838
1983,8,31,0.15143,29.183,23.822,26.503
1983,9,1,0.70768,28.981,24.019,26.5
1983,9,2,19.534,27.559,23.269,25.414
1983,9,3,31.228,27.919,22.917,25.418
1983,9,4,24.071,26.687,22.508,24.597
1983,9,5,28.962,26.835,22.822,24.828
1983,9,6,33.768,26.944,23.005,24.974
1983,9,7,22.941,26.581,22.862,24.721
1983,9,8,3.8404,26.92,22.776,24.848
1983,9,9,1.183,28.013,23.316,25.664
1983,9,10,2.6876,28.917,23.75,26.334
1983,9,11,10.543,29.456,23.414,26.435
1983,9,12,2.341,29.686,23.24,26.463
1983,9,13,0.00065087,29.895,24.111,27.003
1983,9,14,24.491,30.033,24.138,27.086
1983,9,15,11.403,29.513,22.837,26.175
1983,9,16,3.0129,28.681,22.842,25.762
1983,9,17,11.26,28.027,22.745,25.386
1983,9,18,1.3575,28.09,22.829,25.46
1983,9,19,0.29854,28.65,22.631,25.64
1983,9,20,0.39508,29.603,23.697,26.65
1983,9,21,2.9118,29.938,24.018,26.978
1983,9,22,0.10073,29.719,23.949,26.834
1983,9,23,1.9788,29.485,22.579,26.032
1983,9,24,0.89737,29.092,23.044,26.068
1983,9,25,14.405,29.16,23.054,26.107
1983,9,26,3.1205,29.574,23.13,26.352
1983,9,27,2.0903,29.719,23.114,26.416
1983,9,28,0.92448,28.672,23.027,25.85
1983,9,29,0,29.669,23.117,26.393
1983,9,30,0.27968,29.767,23.292,26.53
1983,10,1,4.9373,28.731,22.995,25.863
1983,10,2,7.5145,29.08,22.998,26.039
1983,10,3,7.6738,28.337,22.882,25.609
1983,10,4,16.021,28.395,22.96,25.678
1983,10,5,5.0396,27.861,23.246,25.553
1983,10,6,0.019985,28.022,23.083,25.552
1983,10,7,0,28.255,22.866,25.561
1983,10,8,0.03053,29.651,23.328,26.489
1983,10,9,2.0361,29.853,23.036,26.445
1983,10,10,31.279,29.764,22.89,26.327
1983,10,11,0,30.052,23.316,26.684
1983,10,12,0,29.949,22.763,26.356
1983,10,13,0.084132,29.91,21.89,25.9
1983,10,14,0,30.059,21.404,25.731
1983,10,15,0,29.996,21.637,25.816
1983,10,16,0,29.643,21.18,25.411
1983,10,17,0,29.88,20.371,25.125
1983,10,18,0,29.546,20.412,24.979
1983,10,19,0.018182,29.203,19.554,24.379
1983,10,20,0.94914,27.825,16.991,22.408
1983,10,21,0,27.314,18.172,22.743
1983,10,22,0,27.314,17.286,22.3
1983,10,23,0,27.902,18.858,23.38
1983,10,24,0,28.39,20.456,24.423
1983,10,25,0.24653,29.477,20.437,24.957
1983,10,26,0,28.687,20.24,24.464
1983,10,27,0.69372,28.052,19.629,23.84
1983,10,28,0,27.353,19.699,23.526
1983,10,29,0,26.968,18.47,22.719
1983,10,30,0.050554,27.085,18.845,22.965
1983,10,31,0.05056,27.194,18.301,22.747
1983,11,1,0.018264,28.961,19.19,24.076
1983,11,2,0.13203,29.279,19.682,24.481
1983,11,3,0,29.299,18.741,24.02
1983,11,4,0,28.995,17.291,23.143
1983,11,5,0,27.822,15.591,21.706
1983,11,6,0,27.032,16.447,21.74
1983,11,7,0.011357,26.834,17.607,22.221
1983,11,8,0,27.075,16.421,21.748
1983,11,9,0,26.778,14.234,20.506
1983,11,10,0,25.613,13.032,19.322
1983,11,11,0,25.864,13.002,19.433
1983,11,12,0,25.553,12.677,19.115
1983,11,13,0,25.564,12.734,19.149
1983,11,14,0,25.134,12.033,18.584
1983,11,15,0,25.232,12.063,18.647
1983,11,16,0,25.784,13.254,19.519
1983,11,17,3.5193e-07,26.679,14.26,20.47
1983,11,18,0,26.996,14.617,20.807
1983,11,19,0,27.008,14.715,20.862
1983,11,20,0,26.799,14.501,20.65
1983,11,21,0,25.882,13.565,19.723
1983,11,22,0,25.488,13.033,19.261
1983,11,23,0,25.129,14.001,19.565
1983,11,24,0,26.191,14.684,20.437
1983,11,25,0.048494,26.912,16.131,21.522
1983,11,26,0.74364,25.793,18.372,22.083
1983,11,27,0,25.8,17.179,21.489
1983,11,28,0,26.222,15.16,20.691
1983,11,29,0,26.49,14.531,20.511
1983,11,30,0,26,13.38,19.69
1983,12,1,0.33252,25.459,13.193,19.326
1983,12,2,0.41682,25.844,12.939,19.391
1983,12,3,0.1343,25.505,13.53,19.517
1983,12,4,0.20904,25.501,13.29,19.396
1983,12,5,0,25.315,13.185,19.25
1983,12,6,0,24.757,12.91,18.834
1983,12,7,0,23.537,10.251,16.894
1983,12,8,0,23.064,9.9276,16.496
1983,12,9,0,23.597,10.861,17.229
1983,12,10,0,24.695,11.786,18.241
1983,12,11,0,25.276,13.006,19.141
1983,12,12,0,25.032,12.888,18.96
1983,12,13,0,25.255,12.874,19.065
1983,12,14,0,25.353,13.127,19.24
1983,12,15,0,25.354,13.155,19.255
1983,12,16,0,25.521,13.334,19.428
1983,12,17,0,25.97,13.506,19.738
1983,12,18,0,26.113,13.547,19.83
1983,12,19,0,25.997,13.284,19.641
1983,12,20,0,26.082,13.471,19.777
1983,12,21,0.13742,26.228,13.474,19.851
1983,12,22,0,25.501,12.744,19.122
1983,12,23,0,25.933,13.383,19.658
1983,12,24,0,26.339,14.291,20.315
1983,12,25,0,25.816,17.981,21.898
1983,12,26,0.92688,25.072,17.2,21.136
1983,12,27,1.6419,21.061,15.299,18.18
1983,12,28,0,21.851,9.8169,15.834
1983,12,29,0.031668,22.202,9.106,15.654
1983,12,30,0,24.358,12.033,18.196
1983,12,31,0,24.855,14.393,19.624
1984,1,1,0,24.916,15.043,19.979
1984,1,2,0.29861,23.127,15.108,19.117
1984,1,3,0.31937,21.6,15.049,18.324
1984,1,4,1.1669,22.642,13.865,18.254
1984,1,5,0,23.978,15.307,19.642
1984,1,6,0,25.287,16.417,20.852
1984,1,7,6.2008,23.306,16.223,19.765
1984,1,8,0.11375,23.43,16.003,19.717
1984,1,9,0.042515,24.177,15.974,20.076
1984,1,10,0,25.052,15.445,20.249
1984,1,11,0,25.768,15.767,20.768
1984,1,12,0.92436,26.728,15.845,21.286
1984,1,13,0,26.749,15.668,21.208
1984,1,14,0,26.656,16.663,21.66
1984,1,15,0,26.674,16.256,21.465
1984,1,16,0,27.438,17.156,22.297
1984,1,17,0.00020159,26.428,14.722,20.575
1984,1,18,0,24.231,11.172,17.701
1984,1,19,0,24.895,11.996,18.446
1984,1,20,0,26.807,14.453,20.63
1984,1,21,0,26.56,15.569,21.064
1984,1,22,0,27.321,16.448,21.885
1984,1,23,0,27.122,16.283,21.703
1984,1,24,0,26.389,14.936,20.662
1984,1,25,0,27.002,15.572,21.287
1984,1,26,0,27.262,17.006,22.134
1984,1,27,0,27.089,17.789,22.439
1984,1,28,0,27.561,17.394,22.478
1984,1,29,0,26.91,16.805,21.858
1984,1,30,0,26.89,16.989,21.939
1984,1,31,0,27.643,17.679,22.661
1984,2,1,0,27.75,17.268,22.509
1984,2,2,0,28.655,17.773,23.214
1984,2,3,0,29.436,18.489,23.962
1984,2,4,0,29.805,17.719,23.762
1984,2,5,0,29.579,17.869,23.724
1984,2,6,0,28.54,18.426,23.483
1984,2,7,0.40213,26.348,17.182,21.765
1984,2,8,0.1487,25.752,16.172,20.962
1984,2,9,0,25.395,14.364,19.879
1984,2,10,9.5801e-05,26.766,14.564,20.665
1984,2,11,0,28.283,17.428,22.856
1984,2,12,1.3053,26.27,17.332,21.801
1984,2,13,0.80636,25.912,16.164,21.038
1984,2,14,0,26.543,17.171,21.857
1984,2,15,0,23.249,14.996,19.122
1984,2,16,0,26.661,16.284,21.473
1984,2,17,0,28.242,17.538,22.89
1984,2,18,0,28.989,18.291,23.64
1984,2,19,1.2055,28.904,19.185,24.045
1984,2,20,0.0040255,29.825,19.864,24.844
1984,2,21,0,30.195,19.352,24.774
1984,2,22,0.028708,30.118,18.616,24.367
1984,2,23,0.00049098,29.262,16.667,22.964
1984,2,24,0,28.47,16.036,22.253
1984,2,25,0,27.54,15.28,21.41
1984,2,26,0,27.363,12.594,19.978
1984,2,27,0.022991,27.892,12.294,20.093
1984,2,28,0,28.618,12.972,20.795
1984,2,29,0,28.923,13.373,21.148
1984,3,1,0,29.142,13.702,21.422
1984,3,2,0,29.501,14.229,21.865
1984,3,3,0,30.135,14.675,22.405
1984,3,4,0,30.525,15.077,22.801
1984,3,5,0,30.742,17.791,24.266
1984,3,6,0,31.293,18.933,25.113
1984,3,7,0,30.973,18.162,24.567
1984,3,8,0,32.365,18.152,25.259
1984,3,9,0,32.729,19.321,26.025
1984,3,10,0,33.693,19.687,26.69
1984,3,11,0.61236,34.132,20.162,27.147
1984,3,12,0.52983,34.013,20.533,27.273
1984,3,13,0,33.631,19.398,26.514
1984,3,14,0,33.932,19.263,26.597
1984,3,15,0,34.643,19.99,27.316
1984,3,16,0,35.056,20.614,27.835
1984,3,17,0.4239,35.196,20.135,27.666
1984,3,18,0,35.531,20.931,28.231
1984,3,19,0,36.403,21.665,29.034
1984,3,20,0.12449,35.664,21.805,28.735
1984,3,21,0,34.56,19.17,26.865
1984,3,22,0.12866,34.79,18.919,26.855
1984,3,23,0,34.889,19.576,27.232
1984,3,24,0,35.308,20.694,28.001
1984,3,25,0,35.467,21.937,28.702
1984,3,26,0,35.762,23.635,29.699
1984,3,27,0,35.342,23.406,29.374
1984,3,28,0,36.082,22.871,29.477
1984,3,29,0,36.505,23.052,29.779
1984,3,30,0,36.652,23.069,29.86
1984,3,31,0,37.613,24.326,30.97
1984,4,1,0,37.655,25.498,31.576
1984,4,2,0,37.387,24.682,31.035
1984,4,3,0,37.926,26.266,32.096
1984,4,4,0,37.789,25.846,31.818
1984,4,5,2.9274,37.354,25.713,31.533
1984,4,6,0.32229,35.937,22.896,29.416
1984,4,7,22.016,34.851,23.147,28.999
1984,4,8,4.5403,34.488,23.259,28.873
1984,4,9,0.27982,35.058,22.148,28.603
1984,4,10,29.109,32.765,20.768,26.766
1984,4,11,5.3846,33.113,20.478,26.796
1984,4,12,0,33.509,22.1,27.804
1984,4,13,0,33.855,21.497,27.676
1984,4,14,0,35.395,22.135,28.765
1984,4,15,0,36.098,23.574,29.836
1984,4,16,0,37.501,25.01,31.255
1984,4,17,0,37.779,25.02,31.399
1984,4,18,0,38.182,26.155,32.168
1984,4,19,0,38.129,26.657,32.393
1984,4,20,0,38.331,26.767,32.549
1984,4,21,0.85262,37.725,26.161,31.943
1984,4,22,0.0015461,37.286,24.858,31.072
1984,4,23,9.5091,36.063,23.758,29.91
1984,4,24,0,33.441,23.143,28.292
1984,4,25,0.34438,34.078,24.234,29.156
1984,4,26,1.2671,34.339,24.222,29.28
1984,4,27,0.0014272,35.384,24.434,29.909
1984,4,28,1.2419,36.714,23.975,30.344
1984,4,29,0.37169,37.687,26.05,31.868
1984,4,30,0,38.333,26.567,32.45
1984,5,1,0,38.173,25.359,31.766
1984,5,2,0,38.196,24.073,31.135
1984,5,3,1.8567,38.422,24.233,31.327
1984,5,4,0.070506,38.246,25.15,31.698
1984,5,5,0,38.871,26.452,32.661
1984,5,6,0.23859,39.282,26.694,32.988
1984,5,7,0,39.586,26.878,33.232
1984,5,8,0,39.845,27.313,33.579
1984,5,9,0,39.706,28.105,33.906
1984,5,10,0,39.541,28.178,33.859
1984,5,11,1.5588,38.409,27.222,32.816
1984,5,12,0,38.658,27.05,32.854
1984,5,13,0,38.932,26.482,32.707
1984,5,14,0,40.101,28.324,34.213
1984,5,15,0,40.433,28.383,34.408
1984,5,16,0,40.844,28.123,34.483
1984,5,17,0,41.387,28.279,34.833
1984,5,18,0,41.011,28.413,34.712
1984,5,19,0,40.671,28.794,34.733
1984,5,20,0,40.356,28.776,34.566
1984,5,21,0,41.211,29.287,35.249
1984,5,22,0,41.948,29.38,35.664
1984,5,23,0,42.077,28.415,35.246
1984,5,24,0,42.103,28.591,35.347
1984,5,25,0,42.109,29.364,35.736
1984,5,26,0,42.509,30.273,36.391
1984,5,27,1.7341,42.036,29.94,35.988
1984,5,28,7.5864,39.221,25.83,32.526
1984,5,29,3.2114,37.398,24.763,31.08
1984,5,30,0.13723,35.542,26.283,30.913
1984,5,31,0.40841,37.608,27.867,32.738
1984,6,1,1.5545,39.588,29.534,34.561
1984,6,2,0.16596,39.414,29.285,34.35
1984,6,3,0.00932,38.145,27.367,32.756
1984,6,4,0,37.326,27.826,32.576
1984,6,5,0.092112,34.437,26.533,30.485
1984,6,6,0,34.535,27.624,31.08
1984,6,7,17.056,36.647,25.935,31.291
1984,6,8,0.56212,35.137,26.996,31.067
1984,6,9,7.5205,34.894,25.397,30.145
1984,6,10,6.3153e-08,31.574,25.508,28.541
1984,6,11,9.1963,31.313,24.15,27.731
1984,6,12,20.149,30.46,24.634,27.547
1984,6,13,17.013,29.904,24.328,27.116
1984,6,14,53.095,28.315,23.763,26.039
1984,6,15,11.028,27.435,23.638,25.537
1984,6,16,0.78658,28.944,24.578,26.761
1984,6,17,0.034231,29.565,24.376,26.971
1984,6,18,0.04443,29.133,24.518,26.825
1984,6,19,6.0678,30.187,24.142,27.164
1984,6,20,0.034428,29.715,24.648,27.181
1984,6,21,0.63844,31.57,25.555,28.563
1984,6,22,0.58711,32.14,26.304,29.222
1984,6,23,0.039981,32.205,26.131,29.168
1984,6,24,0.033019,31.852,25.626,28.739
1984,6,25,0,32.085,26.712,29.399
1984,6,26,0,33.183,26.205,29.694
1984,6,27,8.3136,32.921,25.949,29.435
1984,6,28,42.606,29.438,23.546,26.492
1984,6,29,61.996,26.274,20.824,23.549
1984,6,30,10.757,25.24,21.854,23.547
1984,7,1,13.78,27.207,22.965,25.086
1984,7,2,11.607,28.39,23.258,25.824
1984,7,3,0.41222,28.972,24.055,26.514
1984,7,4,1.1151,30.055,24.238,27.146
1984,7,5,24.067,28.349,23.484,25.917
1984,7,6,24.038,27.51,23.515,25.512
1984,7,7,1.446,29.256,24.37,26.813
1984,7,8,23.416,29.968,24.031,26.999
1984,7,9,0,29.523,24.22,26.871
1984,7,10,0,29.757,24.51,27.134
1984,7,11,0.6476,30.24,24.998,27.619
1984,7,12,2.3708,30.223,23.95,27.087
1984,7,13,0.70612,29.57,23.773,26.671
1984,7,14,0.74817,29.351,23.954,26.653
1984,7,15,8.7275,29.099,23.65,26.375
1984,7,16,5.3416,28.181,23.297,25.739
1984,7,17,58.456,27.573,22.277,24.925
1984,7,18,50.001,26.597,22.666,24.632
1984,7,19,0.74141,27.563,23.224,25.393
1984,7,20,5.6542,28.92,23.979,26.45
1984,7,21,5.1321,29.002,24.185,26.594
1984,7,22,21.668,29.028,23.837,26.433
1984,7,23,3.5297,29.362,23.546,26.454
1984,7,24,9.9973,29.19,23.548,26.369
1984,7,25,11.255,28.433,23.719,26.076
1984,7,26,5.8197,29.549,23.81,26.68
1984,7,27,1.4721,29.015,23.625,26.32
1984,7,28,1.4909,29.808,23.985,26.897
1984,7,29,1.1724,29.565,23.749,26.657
1984,7,30,25.736,28.974,23.939,26.457
1984,7,31,25.184,26.898,22.785,24.841
1984,8,1,52.593,27.615,23.29,25.453
1984,8,2,73.241,26.443,22.779,24.611
1984,8,3,1.3836,25.875,22.59,24.232
1984,8,4,2.0956,28.2,23.494,25.847
1984,8,5,0.02492,29.151,23.777,26.464
1984,8,6,0.28708,29.803,24.603,27.203
1984,8,7,33.352,27.967,23.697,25.832
1984,8,8,69.173,26.809,22.85,24.829
1984,8,9,5.9985,26.654,22.437,24.546
1984,8,10,0,27.058,22.819,24.939
1984,8,11,0,27.542,22.779,25.161
1984,8,12,0.024123,28.913,23.837,26.375
1984,8,13,0.60586,29.42,24.409,26.914
1984,8,14,4.9188,29.257,24.013,26.635
1984,8,15,37.127,28.209,23.307,25.758
1984,8,16,35.177,26.516,22.593,24.555
1984,8,17,30.564,25.967,22.494,24.231
1984,8,18,1.2902,25.846,22.682,24.264
1984,8,19,0,26.66,22.774,24.717
1984,8,20,0.51857,28.516,23.493,26.004
1984,8,21,3.7852,29.826,23.985,26.905
1984,8,22,8.6274,30.352,24.14,27.246
1984,8,23,9.2515,29,23.246,26.123
1984,8,24,0.72768,27.826,22.681,25.254
1984,8,25,0,29.114,23.388,26.251
1984,8,26,0.026605,29.278,23.772,26.525
1984,8,27,0.19528,29.041,23.745,26.393
1984,8,28,0.063091,27.748,23.504,25.626
1984,8,29,0.4878,29.398,24.069,26.733
1984,8,30,0.5553,28.925,23.416,26.17
1984,8,31,0.39091,28.114,23.336,25.725
1984,9,1,1.6228,27.241,22.803,25.022
1984,9,2,19.078,27.287,22.902,25.094
1984,9,3,18.348,27.459,22.538,24.999
1984,9,4,6.1705,26.596,22.371,24.484
1984,9,5,0.035697,27.84,22.538,25.189
1984,9,6,0.57196,28.379,23.267,25.823
1984,9,7,4.7914,29.193,23.008,26.101
1984,9,8,0.42042,28.981,22.6,25.791
1984,9,9,17.084,29.375,22.943,26.159
1984,9,10,8.7887,28.511,22.531,25.521
1984,9,11,0.83304,28.173,22.473,25.323
1984,9,12,2.6646,27.799,22.149,24.974
1984,9,13,0.15732,27.211,21.511,24.361
1984,9,14,0.45036,28.686,22.39,25.538
1984,9,15,0.49605,29.061,23.162,26.112
1984,9,16,0.019781,30.131,23.131,26.631
1984,9,17,0.0096585,30.258,22.909,26.583
1984,9,18,0.8005,29.84,22.449,26.144
1984,9,19,0.15195,30.089,21.694,25.892
1984,9,20,0.13707,30.019,22.241,26.13
1984,9,21,0.5926,30.597,22.744,26.67
1984,9,22,0,31.063,22.609,26.836
1984,9,23,0,31.399,22.935,27.167
1984,9,24,0.81776,31.022,23.098,27.06
1984,9,25,0.62411,31.327,22.621,26.974
1984,9,26,2.9597,31.984,22.471,27.227
1984,9,27,0.13616,31.624,22.139,26.882
1984,9,28,0,31.381,21.94,26.66
1984,9,29,0,31.348,21.934,26.641
1984,9,30,0.38039,31.224,21.269,26.246
1984,10,1,1.1388,31.134,20.9,26.017
1984,10,2,1.5308,31.629,20.607,26.118
1984,10,3,0,31.172,20.613,25.892
1984,10,4,0,31.022,21.693,26.358
1984,10,5,3.3281,31.511,23.065,27.288
1984,10,6,2.9693,31.755,22.505,27.13
1984,10,7,15.693,31.026,22.103,26.565
1984,10,8,0,30.728,22.472,26.6
1984,10,9,0,31.018,22.083,26.551
1984,10,10,0,30.535,22.539,26.537
1984,10,11,14.852,30.18,21.972,26.076
1984,10,12,11.662,29.037,21.787,25.412
1984,10,13,1.2214,27.967,20.495,24.231
1984,10,14,0,28.901,19.646,24.273
1984,10,15,0,28.724,19.255,23.99
1984,10,16,0,29.214,20.607,24.91
1984,10,17,0,29.87,21.196,25.533
1984,10,18,0,30.751,21.2,25.976
1984,10,19,0,30.675,22.689,26.682
1984,10,20,0,30.327,22.655,26.491
1984,10,21,0,30.856,21.9,26.378
1984,10,22,0.63597,30.184,22.223,26.204
1984,10,23,14.77,30.901,21.268,26.085
1984,10,24,0,30.663,20.696,25.679
1984,10,25,0,30.541,19.059,24.8
1984,10,26,0.0084732,30.424,19.374,24.899
1984,10,27,0.0018472,30.326,19.735,25.031
1984,10,28,0.00075343,30.023,19.438,24.731
1984,10,29,0.0026788,30.228,19.432,24.83
1984,10,30,0.0028863,29.751,18.293,24.022
1984,10,31,0.0037309,29.486,17.829,23.658
1984,11,1,0.13642,29.45,17.787,23.619
1984,11,2,0.14388,28.532,17.4,22.966
1984,11,3,0,29.115,18.588,23.851
1984,11,4,0,29.065,18.698,23.881
1984,11,5,3.7955e-06,29.205,18.517,23.861
1984,11,6,0,29.081,16.931,23.006
1984,11,7,0.08913,28.557,15.344,21.95
1984,11,8,0,28.195,15.542,21.869
1984,11,9,0,28.06,15.145,21.602
1984,11,10,0,28.51,15.085,21.797
1984,11,11,0,28.581,15.234,21.908
1984,11,12,0,28.072,15.803,21.938
1984,11,13,0,26.892,15.406,21.149
1984,11,14,0,26.993,15.025,21.009
1984,11,15,0,27.257,14.597,20.927
1984,11,16,0,27.662,14.095,20.879
1984,11,17,0,27.874,14.193,21.033
1984,11,18,0,27.761,13.885,20.823
1984,11,19,0,27.102,13.099,20.1
1984,11,20,0,26.956,12.992,19.974
1984,11,21,0,26.717,12.427,19.572
1984,11,22,0,26.53,12.41,19.47
1984,11,23,0,26.411,12.418,19.415
1984,11,24,0,26.269,12.385,19.327
1984,11,25,0,26.044,12.451,19.248
1984,11,26,0,25.481,11.661,18.571
1984,11,27,0,24.77,11.463,18.116
1984,11,28,0,24.672,11.199,17.936
1984,11,29,0,24.638,10.785,17.712
1984,11,30,0,24.546,11.328,17.937
1984,12,1,0,24.365,13.581,18.973
1984,12,2,0,25.884,16.709,21.296
1984,12,3,0,27.541,17.672,22.607
1984,12,4,0,28.916,18.038,23.477
1984,12,5,0,28.303,15.706,22.004
1984,12,6,0,27.93,14.569,21.249
1984,12,7,0.10831,27.942,14.12,21.031
1984,12,8,0.25418,27.805,14.252,21.028
1984,12,9,0,27.373,13.895,20.634
1984,12,10,0,26.815,12.757,19.786
1984,12,11,0,28.159,13.063,20.611
1984,12,12,0,28.554,14.224,21.389
1984,12,13,0.0081364,29.166,15.116,22.141
1984,12,14,0,29.752,15.667,22.71
1984,12,15,0,27.119,12.414,19.767
1984,12,16,0,26.485,11.639,19.062
1984,12,17,0,27.063,11.826,19.445
1984,12,18,0,27.241,11.742,19.492
1984,12,19,0,27.115,11.289,19.202
1984,12,20,0,26.512,10.733,18.623
1984,12,21,0,24.975,9.8983,17.437
1984,12,22,0,25.911,10.08,17.996
1984,12,23,0,25.245,10.012,17.629
1984,12,24,0,25.146,9.8974,17.522
1984,12,25,0,25.371,11.339,18.355
1984,12,26,0,25.907,12.746,19.327
1984,12,27,0,27.49,13.834,20.662
1984,12,28,0,27.726,14.503,21.115
1984,12,29,0,27.44,14.604,21.022
1984,12,30,0,27.501,14.143,20.822
1984,12,31,0,27.852,16.265,22.058
1985,1,1,0.0091151,27.456,17.337,22.397
1985,1,2,15.062,21.875,15.107,18.491
1985,1,3,0.00016799,22.04,13.787,17.913
1985,1,4,0,24.175,13.516,18.845
1985,1,5,0,25.665,14.258,19.961
1985,1,6,0,26.257,15.605,20.931
1985,1,7,0,26.816,16.039,21.428
1985,1,8,0,26.44,16.891,21.665
1985,1,9,0,26.67,17.144,21.907
1985,1,10,0,26.513,17.369,21.941
1985,1,11,0,26.277,16.765,21.521
1985,1,12,0.092802,25.969,16.903,21.436
1985,1,13,5.1314e-06,26.38,16.465,21.422
1985,1,14,0.13338,25.76,16.47,21.115
1985,1,15,0,26.71,16.837,21.774
1985,1,16,0,27.227,16.158,21.692
1985,1,17,0,26.332,14.296,20.314
1985,1,18,0,26.088,13.647,19.867
1985,1,19,0,25.892,13.418,19.655
1985,1,20,0,26.911,15.326,21.118
1985,1,21,0,26.598,16.021,21.309
1985,1,22,0.00033725,26.918,16.174,21.546
1985,1,23,0,26.056,15.468,20.762
1985,1,24,0,26.265,14.516,20.39
1985,1,25,0.021829,26.025,12.905,19.465
1985,1,26,0,26.124,13.145,19.635
1985,1,27,0,26.924,14.101,20.513
1985,1,28,0,28.141,16.862,22.502
1985,1,29,0,28.699,17.497,23.098
1985,1,30,0.020268,28.718,17.465,23.092
1985,1,31,0.12311,28.63,17.537,23.083
1985,2,1,6.2966,28.275,16.647,22.461
1985,2,2,0,27.405,16.134,21.769
1985,2,3,0,28.346,15.831,22.089
1985,2,4,0.14556,28.376,15.182,21.779
1985,2,5,0,28.861,15.865,22.363
1985,2,6,0,29.734,16.29,23.012
1985,2,7,0,28.358,14.875,21.617
1985,2,8,0,28.571,14.231,21.401
1985,2,9,0,28.86,15.503,22.182
1985,2,10,0,29.292,16.311,22.802
1985,2,11,0,30.014,16.867,23.441
1985,2,12,0,29.545,17.387,23.466
1985,2,13,0,29.093,18.087,23.59
1985,2,14,1.8637,28.977,18.677,23.827
1985,2,15,0.17628,29.279,17.844,23.562
1985,2,16,0,27.322,14.051,20.687
1985,2,17,0,27.436,12.104,19.77
1985,2,18,0,27.788,12.473,20.131
1985,2,19,0,28.424,12.954,20.689
1985,2,20,0,30.097,14.85,22.473
1985,2,21,0.063411,30.73,15.657,23.193
1985,2,22,0,29.667,14.129,21.898
1985,2,23,0.11564,28.971,13.088,21.03
1985,2,24,0,29.837,13.725,21.781
1985,2,25,0,30.452,14.891,22.672
1985,2,26,0,31.509,15.504,23.507
1985,2,27,0,31.868,15.125,23.496
1985,2,28,0,32.794,15.155,23.975
1985,3,1,0,33.12,16.228,24.674
1985,3,2,0.50519,33.587,17.144,25.365
1985,3,3,0.059407,33.966,17.054,25.51
1985,3,4,0,33.652,17.627,25.639
1985,3,5,0,34.227,17.215,25.721
1985,3,6,0,34.593,17.994,26.293
1985,3,7,0,34.888,18.258,26.573
1985,3,8,0.019176,35.467,19.599,27.533
1985,3,9,0,36.08,19.929,28.005
1985,3,10,0,35.269,19.121,27.195
1985,3,11,0.044203,35.912,19.815,27.864
1985,3,12,0,35.377,19.254,27.316
1985,3,13,0,35.432,20.02,27.726
1985,3,14,0,35.771,20.724,28.248
1985,3,15,0,35.112,20.254,27.683
1985,3,16,0,35.91,20.763,28.337
1985,3,17,0,35.397,21.106,28.252
1985,3,18,0,35.204,21.647,28.425
1985,3,19,0,35.749,21.667,28.708
1985,3,20,0,35.387,21.357,28.372
1985,3,21,0,34.86,20.98,27.92
1985,3,22,0.30389,35.214,20.835,28.024
1985,3,23,0,35.652,21.958,28.805
1985,3,24,0.37987,35.652,21.904,28.778
1985,3,25,0,35.195,21.932,28.564
1985,3,26,0.28154,36.001,21.827,28.914
1985,3,27,0,36.321,21.907,29.114
1985,3,28,0,37.372,22.634,30.003
1985,3,29,0,37.795,23.098,30.447
1985,3,30,0.20504,38.045,23.629,30.837
1985,3,31,0,35.135,22.825,28.98
1985,4,1,0.26569,33.426,21.887,27.657
1985,4,2,0,33.221,21.345,27.283
1985,4,3,0.14553,35.054,21.741,28.398
1985,4,4,14.382,34.452,20.73,27.591
1985,4,5,2.1019,34.298,20.584,27.441
1985,4,6,0.27164,32.557,20.079,26.318
1985,4,7,0,32.062,21.021,26.542
1985,4,8,0,33.928,22.319,28.124
1985,4,9,0,35.993,23.761,29.877
1985,4,10,0,37.615,25.177,31.396
1985,4,11,0.008,37.911,24.691,31.301
1985,4,12,0.53058,37.972,22.831,30.401
1985,4,13,0.0079648,38.086,22.574,30.33
1985,4,14,0.00058511,38.954,24.797,31.875
1985,4,15,0,38.527,24.436,31.482
1985,4,16,0.91589,38.721,24.235,31.478
1985,4,17,0.0071341,38.354,23.37,30.862
1985,4,18,0,38.255,23.765,31.01
1985,4,19,0,38.536,24.11,31.323
1985,4,20,0.1693,39.094,25.034,32.064
1985,4,21,0.0096631,38.799,25.668,32.233
1985,4,22,0,38.988,25.439,32.213
1985,4,23,0,39.608,25.675,32.642
1985,4,24,0,40.419,26.738,33.579
1985,4,25,0,39.214,26.614,32.914
1985,4,26,0,39.916,25.369,32.642
1985,4,27,0,39.631,25.165,32.398
1985,4,28,0,39.819,24.961,32.39
1985,4,29,0,39.911,25.233,32.572
1985,4,30,0.0048108,39.836,26.102,32.969
1985,5,1,0.066851,39.474,24.521,31.997
1985,5,2,0,39.891,25.412,32.651
1985,5,3,0,39.409,24.534,31.972
1985,5,4,0,39.208,25.266,32.237
1985,5,5,0,38.835,25.751,32.293
1985,5,6,0,39.08,26.178,32.629
1985,5,7,0.095301,39.949,27.109,33.529
1985,5,8,0.035335,38.687,25.296,31.992
1985,5,9,0.042198,38.043,25.35,31.697
1985,5,10,0.96139,38.048,26.141,32.094
1985,5,11,0.16855,37.781,26.184,31.982
1985,5,12,0.69664,37.956,26.482,32.219
1985,5,13,0.068375,37.862,26.247,32.055
1985,5,14,0.458,38.402,28.098,33.25
1985,5,15,3.6407,38.481,25.27,31.875
1985,5,16,0.33848,36.159,25.084,30.621
1985,5,17,0.13774,37.752,27.031,32.392
1985,5,18,0.38098,37.719,25.318,31.518
1985,5,19,0,37.733,26.309,32.021
1985,5,20,0.13444,38.276,26.288,32.282
1985,5,21,0,38.168,27.964,33.066
1985,5,22,4.7344,37.775,25.259,31.517
1985,5,23,0.084606,37.345,26.177,31.761
1985,5,24,0,37.192,26.819,32.006
1985,5,25,0,37.726,28.275,33
1985,5,26,0,38.599,28.29,33.444
1985,5,27,0.11227,39.102,28.32,33.711
1985,5,28,0,39.589,28.088,33.838
1985,5,29,0,40.566,28.562,34.564
1985,5,30,0,40.073,29.684,34.879
1985,5,31,0.82102,38.934,26.406,32.67
1985,6,1,0,37.092,27.874,32.483
1985,6,2,2.2044,36.677,26.167,31.422
1985,6,3,2.9238,35.015,24.391,29.703
1985,6,4,1.2743,32.444,24.374,28.409
1985,6,5,1.4175,32.365,24.671,28.518
1985,6,6,8.4878,34.64,25.816,30.228
1985,6,7,13.161,33.014,23.789,28.401
1985,6,8,0.24479,31.23,24.001,27.615
1985,6,9,1.4177,32.708,24.44,28.574
1985,6,10,9.7397,32.08,23.981,28.031
1985,6,11,0.044489,33.117,25.015,29.066
1985,6,12,0,34.414,26.424,30.419
1985,6,13,0.54368,35.13,26.128,30.629
1985,6,14,4.7715,34.221,25.181,29.701
1985,6,15,0.55231,33.471,25.093,29.282
1985,6,16,0.25646,32.541,25.1,28.821
1985,6,17,0.14667,33.489,26.111,29.8
1985,6,18,0,34.658,26.776,30.717
1985,6,19,0.14761,34.116,27.538,30.827
1985,6,20,10.233,34.627,25.369,29.998
1985,6,21,8.2004,32.802,24.865,28.834
1985,6,22,9.842,32.867,26.248,29.558
1985,6,23,18.127,33.172,25.12,29.146
1985,6,24,28.98,31.357,24.297,27.827
1985,6,25,63.814,29.292,23.697,26.494
1985,6,26,22.521,27.354,23.63,25.492
1985,6,27,0.66157,27.782,23.533,25.657
1985,6,28,0,27.807,23.299,25.553
1985,6,29,0,27.571,23.414,25.493
1985,6,30,0,29.211,23.893,26.552
1985,7,1,0,31.205,24.983,28.094
1985,7,2,0.073522,31.183,25.142,28.162
1985,7,3,33.716,31.01,23.908,27.459
1985,7,4,42.016,27.338,22.559,24.949
1985,7,5,71.726,25.877,21.662,23.769
1985,7,6,13.073,25.504,21.974,23.739
1985,7,7,0.21624,26.352,22.685,24.518
1985,7,8,0.23035,27.668,23.213,25.44
1985,7,9,0.047545,28.823,23.469,26.146
1985,7,10,7.1421,28.276,23.649,25.962
1985,7,11,28.649,28.099,23.562,25.831
1985,7,12,9.3129,28.036,22.234,25.135
1985,7,13,2.8419,26.464,22.314,24.389
1985,7,14,14.625,26.506,22.368,24.437
1985,7,15,24.058,27.223,22.55,24.886
1985,7,16,45.359,25.183,21.484,23.334
1985,7,17,29.335,24.691,21.549,23.12
1985,7,18,2.4702,26.721,22.157,24.439
1985,7,19,2.2344,28.24,23.115,25.677
1985,7,20,19.103,28.952,23.99,26.471
1985,7,21,0.50756,28.12,23.155,25.638
1985,7,22,0.51732,27.987,23.277,25.632
1985,7,23,0.11391,28.826,23.882,26.354
1985,7,24,0.1962,29.386,24.53,26.958
1985,7,25,0,28.766,23.344,26.055
1985,7,26,5.2066,28.134,23.426,25.78
1985,7,27,5.6984,28.7,23.378,26.039
1985,7,28,0.57477,29.2,23.87,26.535
1985,7,29,5.3842,29.307,23.595,26.451
1985,7,30,4.6511,27.928,22.936,25.432
1985,7,31,1.0635,26.235,22.431,24.333
1985,8,1,3.9095,26.524,22.752,24.638
1985,8,2,25.238,26.696,23.059,24.878
1985,8,3,0.37967,26.941,22.946,24.944
1985,8,4,0.59773,28.396,23.843,26.12
1985,8,5,3.9195,29.342,24.504,26.923
1985,8,6,69.479,27.005,22.788,24.896
1985,8,7,80.2,24.424,21.524,22.974
1985,8,8,12.577,24.693,21.405,23.049
1985,8,9,1.4669,26.432,21.693,24.062
1985,8,10,1.2809,28.114,22.334,25.224
1985,8,11,1.5078,27.894,22.732,25.313
1985,8,12,16.174,26.429,22.628,24.529
1985,8,13,6.927,27.847,23.266,25.557
1985,8,14,9.6225,28.027,23.478,25.752
1985,8,15,26.883,27.613,23.098,25.356
1985,8,16,35.03,27.988,23.774,25.881
1985,8,17,19.43,27.842,23.547,25.694
1985,8,18,1.8437,28.272,23.609,25.941
1985,8,19,2.6004,28.575,24.096,26.335
1985,8,20,4.7758,28.023,23.739,25.881
1985,8,21,4.1958,28.716,23.592,26.154
1985,8,22,4.9232,28.979,23.492,26.235
1985,8,23,1.9518,28.392,23.251,25.822
1985,8,24,0.49113,29.233,22.991,26.112
1985,8,25,0.9396,29.368,23.412,26.39
1985,8,26,3.0697,28.245,23.209,25.727
1985,8,27,16.406,28.362,23.024,25.693
1985,8,28,0.45337,28.631,23.415,26.023
1985,8,29,5.5867,27.409,22.389,24.899
1985,8,30,1.4381,26.148,21.339,23.744
1985,8,31,0,26.337,21.336,23.836
1985,9,1,0,27.139,22.797,24.968
1985,9,2,0.74708,28.655,22.914,25.785
1985,9,3,8.6538,28.981,23.347,26.164
1985,9,4,26.009,27.823,22.466,25.144
1985,9,5,3.5163,26.064,21.451,23.758
1985,9,6,0,25.896,22.151,24.024
1985,9,7,1.7165,28.408,22.595,25.501
1985,9,8,0.80989,28.884,22.971,25.927
1985,9,9,4.4195,29.081,23.362,26.221
1985,9,10,42.29,29.215,23.106,26.161
1985,9,11,63.368,26.713,22.043,24.378
1985,9,12,14.889,25.732,21.713,23.723
1985,9,13,0,26.858,22.655,24.757
1985,9,14,3.4469,27.34,22.823,25.082
1985,9,15,4.2901,27.702,22.934,25.318
1985,9,16,8.4918,27.859,22.615,25.237
1985,9,17,0,29.199,23.041,26.12
1985,9,18,0,30.107,23.296,26.702
1985,9,19,0.098644,30.318,23.128,26.723
1985,9,20,5.221,30.431,23.174,26.803
1985,9,21,58.283,28.977,21.714,25.345
1985,9,22,1.5595,27.01,21.721,24.365
1985,9,23,0.74189,29.319,22.683,26.001
1985,9,24,3.5299,29.722,23.152,26.437
1985,9,25,21.37,30.232,23.029,26.63
1985,9,26,0,29.951,23.06,26.505
1985,9,27,0.62011,30.38,23.509,26.944
1985,9,28,0,31.042,23.513,27.278
1985,9,29,0.28209,30.87,23.343,27.107
1985,9,30,0,30.828,23.079,26.953
1985,10,1,8.5101,30.346,23.243,26.795
1985,10,2,1.9353,29.355,23.033,26.194
1985,10,3,28.393,28.819,22.27,25.544
1985,10,4,14.527,27.754,22.222,24.988
1985,10,5,1.5458,28.113,22.193,25.153
1985,10,6,0.45491,28.439,22.269,25.354
1985,10,7,0,28.926,22.39,25.658
1985,10,8,1.9855,29.019,22.31,25.665
1985,10,9,23.437,28.553,22.046,25.299
1985,10,10,0.85364,29.162,22.328,25.745
1985,10,11,11.871,28.211,22.57,25.39
1985,10,12,2.2446,27.081,22.244,24.662
1985,10,13,0.51201,28.347,22.315,25.331
1985,10,14,0.029871,29.644,22.482,26.063
1985,10,15,6.2116,29.341,22.278,25.809
1985,10,16,8.0779,28.552,21.817,25.185
1985,10,17,0.14164,28.535,20.483,24.509
1985,10,18,0,28.65,18.954,23.802
1985,10,19,0,28.687,18.453,23.57
1985,10,20,0,28.116,17.825,22.971
1985,10,21,0,27.6,17.077,22.339
1985,10,22,0,27.304,15.821,21.562
1985,10,23,0,27.257,16.601,21.929
1985,10,24,0.22195,27.178,17.473,22.325
1985,10,25,0,27.498,17.38,22.439
1985,10,26,0,27.659,17.312,22.486
1985,10,27,0,27.456,16.458,21.957
1985,10,28,0,27.417,15.908,21.662
1985,10,29,0,27.55,15.671,21.61
1985,10,30,0,27.463,15.537,21.5
1985,10,31,0,27.589,15.424,21.507
1985,11,1,0,28.166,15.791,21.979
1985,11,2,0,27.658,15.83,21.744
1985,11,3,0.44513,27.109,15.659,21.384
1985,11,4,0,27.135,16.117,21.626
1985,11,5,0,27.58,17.317,22.449
1985,11,6,0,27.655,17.057,22.356
1985,11,7,0,28.287,17.397,22.842
1985,11,8,0.16372,28.072,17.161,22.616
1985,11,9,0,28.187,15.997,22.092
1985,11,10,0,28.176,15.839,22.007
1985,11,11,0.048196,27.863,15.903,21.883
1985,11,12,0.35318,27.331,15.727,21.529
1985,11,13,0,26.882,15.7,21.291
1985,11,14,0,26.394,15.279,20.837
1985,11,15,0,26.072,14.45,20.261
1985,11,16,0,26.304,14.717,20.51
1985,11,17,0,26.821,17.116,21.969
1985,11,18,0,27.473,18.184,22.828
1985,11,19,0.0031144,27.824,17.55,22.687
1985,11,20,0,27.059,15.109,21.084
1985,11,21,0,26.718,13.721,20.219
1985,11,22,0,26.847,14.015,20.431
1985,11,23,0,27.295,14.445,20.87
1985,11,24,0,27.778,14.734,21.256
1985,11,25,0,27.837,14.943,21.39
1985,11,26,0,27.395,14.5,20.947
1985,11,27,0,26.611,14.271,20.441
1985,11,28,0.20535,26.005,13.279,19.642
1985,11,29,0,25.075,12.203,18.639
1985,11,30,0,25.119,11.255,18.187
1985,12,1,0,25.435,11.85,18.642
1985,12,2,0,25.82,12.61,19.215
1985,12,3,0,26.28,13.581,19.93
1985,12,4,0,26.381,13.064,19.723
1985,12,5,0,25.475,12.028,18.752
1985,12,6,0,25.113,11.237,18.175
1985,12,7,0,25.35,11.365,18.357
1985,12,8,0,25.638,11.807,18.723
1985,12,9,0,25.431,13.292,19.362
1985,12,10,0,25.531,13.048,19.289
1985,12,11,0,25.798,13.495,19.647
1985,12,12,0,25.99,14.501,20.246
1985,12,13,0,26.627,15.362,20.995
1985,12,14,0,25.818,15.733,20.776
1985,12,15,0.088704,24.542,16.083,20.312
1985,12,16,0,25.935,15.278,20.606
1985,12,17,0,27.583,16.067,21.825
1985,12,18,0,28.118,16.625,22.372
1985,12,19,0,28.156,16.165,22.161
1985,12,20,0.34378,27.657,15.973,21.815
1985,12,21,0,27.047,15.187,21.117
1985,12,22,0,26.147,13.794,19.971
1985,12,23,0,26.344,14.189,20.266
1985,12,24,0,26.052,13.766,19.909
1985,12,25,0,26.242,14.605,20.424
1985,12,26,0,26.73,14.602,20.666
1985,12,27,0,26.974,15.459,21.216
1985,12,28,0,27.64,16.14,21.89
1985,12,29,0,27.635,14.709,21.172
1985,12,30,0,26.289,12.824,19.557
1985,12,31,0,25.896,12.224,19.06
1986,1,1,0,25.202,11.454,18.328
1986,1,2,0,24.605,10.988,17.797
1986,1,3,0,23.606,9.8345,16.72
1986,1,4,0.02056,23.573,10.855,17.214
1986,1,5,0.039176,24.285,9.0417,16.664
1986,1,6,0,23.43,7.7919,15.611
1986,1,7,0,24.111,7.9416,16.026
1986,1,8,0,24.127,9.7374,16.932
1986,1,9,0,24.27,11.918,18.094
1986,1,10,0,25.331,12.733,19.032
1986,1,11,0,25.466,13.934,19.7
1986,1,12,0,25.695,14.354,20.024
1986,1,13,0.032837,25.559,15.037,20.298
1986,1,14,0.1809,25.401,14.825,20.113
1986,1,15,7.364,24.685,14.624,19.655
1986,1,16,26.381,21.805,12.248,17.026
1986,1,17,0,20.7,11.256,15.978
1986,1,18,0,23.848,11.451,17.65
1986,1,19,0,24.156,12.177,18.167
1986,1,20,0,24.712,13.871,19.291
1986,1,21,0,25.381,14.366,19.874
1986,1,22,0,26.254,14.828,20.541
1986,1,23,0,26.669,15.107,20.888
1986,1,24,0,27.546,16.116,21.831
1986,1,25,0,27.79,15.524,21.657
1986,1,26,0,27.924,15.294,21.609
1986,1,27,0.15774,27.864,15.788,21.826
1986,1,28,0,26.466,15.63,21.048
1986,1,29,0,27.523,14.896,21.209
1986,1,30,0,27.294,14.792,21.043
1986,1,31,0,27.679,15.745,21.712
1986,2,1,0,27.931,16.331,22.131
1986,2,2,0,28.044,16.975,22.509
1986,2,3,0,28.509,17.182,22.846
1986,2,4,0,29.23,17.745,23.488
1986,2,5,0,29.391,18.269,23.83
1986,2,6,0.086088,29.324,17.951,23.637
1986,2,7,0.078853,28.81,17.557,23.184
1986,2,8,0.28451,26.845,15.769,21.307
1986,2,9,0,26.966,16.483,21.725
1986,2,10,0,27.917,16.768,22.343
1986,2,11,0.20125,27.849,17.245,22.547
1986,2,12,5.0557,27.532,16.608,22.07
1986,2,13,1.29,27.034,17.165,22.1
1986,2,14,6.5226,25.256,16.975,21.116
1986,2,15,23.211,25.4,16.737,21.069
1986,2,16,43.017,24.887,16.672,20.779
1986,2,17,8.6097,25.696,17.002,21.349
1986,2,18,0,26.65,16.985,21.817
1986,2,19,0,27.106,16.385,21.746
1986,2,20,0,27.361,15.516,21.439
1986,2,21,0,28.071,16.23,22.15
1986,2,22,0,28.858,16.866,22.862
1986,2,23,0,29.605,17.968,23.787
1986,2,24,0.054385,29.547,17.996,23.771
1986,2,25,0,29.669,17.938,23.804
1986,2,26,0,28.629,17.175,22.902
1986,2,27,0,29.661,18.12,23.891
1986,2,28,0,29.758,18.258,24.008
1986,3,1,0,29.631,17.561,23.596
1986,3,2,0.001843,29.333,17.998,23.665
1986,3,3,3.2633,27.474,17.838,22.656
1986,3,4,0.11282,27.386,16.985,22.186
1986,3,5,0,29.119,17.318,23.219
1986,3,6,0,28.864,17.876,23.37
1986,3,7,0,29.61,18.66,24.135
1986,3,8,0,30.839,18.607,24.723
1986,3,9,0,31.241,19.178,25.21
1986,3,10,0,31.646,19.704,25.675
1986,3,11,0,32.908,20.035,26.471
1986,3,12,0,33.136,20.124,26.63
1986,3,13,0,33.375,21.017,27.196
1986,3,14,0,33.839,20.673,27.256
1986,3,15,0,34.246,21.043,27.645
1986,3,16,0,34.407,20.785,27.596
1986,3,17,0,33.105,18.205,25.655
1986,3,18,0,33.325,18.996,26.16
1986,3,19,0.04066,34.182,21.434,27.808
1986,3,20,0.096052,34.062,20.903,27.483
1986,3,21,0.17253,34.365,20.457,27.411
1986,3,22,0,33.91,19.754,26.832
1986,3,23,0,35.128,21.078,28.103
1986,3,24,0,35.199,21.595,28.397
1986,3,25,0,35.522,22.07,28.796
1986,3,26,0.19341,34.876,21.592,28.234
1986,3,27,0,34.268,20.97,27.619
1986,3,28,0,35.043,21.367,28.205
1986,3,29,0,37.033,22.852,29.943
1986,3,30,0,37.739,23.537,30.638
1986,3,31,0.14317,37.276,24.334,30.805
1986,4,1,0,36.658,22.611,29.635
1986,4,2,0,36.046,22.736,29.391
1986,4,3,0,36.047,22.569,29.308
1986,4,4,0,35.573,21.659,28.616
1986,4,5,0,36.17,22.165,29.168
1986,4,6,0,34.879,20.819,27.849
1986,4,7,0,34.72,20.823,27.771
1986,4,8,0.36854,35.305,22.261,28.783
1986,4,9,0,36.887,24.55,30.719
1986,4,10,0.15502,37.401,24.482,30.941
1986,4,11,0.052054,38.179,25.055,31.617
1986,4,12,0,37.491,24.291,30.891
1986,4,13,0,37.137,23.89,30.514
1986,4,14,0,38.163,24.768,31.466
1986,4,15,0.21751,38.153,25.962,32.058
1986,4,16,0,38.636,25.804,32.22
1986,4,17,0.010522,38.675,26.04,32.357
1986,4,18,0.072125,38.718,25.916,32.317
1986,4,19,0.08052,38.454,25.42,31.937
1986,4,20,5.5721,37.882,25.46,31.671
1986,4,21,0,37.757,24.047,30.902
1986,4,22,16.264,37.443,23.367,30.405
1986,4,23,0,35.784,23.509,29.646
1986,4,24,1.788,36.6,24.436,30.518
1986,4,25,2.6135,36.632,24.091,30.362
1986,4,26,1.6781,36.119,23.861,29.99
1986,4,27,5.4478,35.366,23.644,29.505
1986,4,28,1.6127,34.003,22.152,28.078
1986,4,29,1.2522,34.363,22.666,28.514
1986,4,30,0,33.667,23.638,28.652
1986,5,1,0.76668,35.434,25.073,30.254
1986,5,2,0.12792,35.24,24.522,29.881
1986,5,3,0,36.517,25.878,31.198
1986,5,4,0,37.665,26.219,31.942
1986,5,5,0,37.421,25.386,31.403
1986,5,6,0,37.815,26.03,31.922
1986,5,7,0,38.494,26.498,32.496
1986,5,8,0.61338,38.496,25.213,31.855
1986,5,9,0.036252,37.676,26.093,31.884
1986,5,10,0.20533,37.786,25.001,31.394
1986,5,11,0.024319,36.921,25.653,31.287
1986,5,12,0.001149,37.765,26.242,32.003
1986,5,13,0,38.28,25.693,31.986
1986,5,14,0,39.502,27.013,33.257
1986,5,15,0.2075,39.175,27.475,33.325
1986,5,16,2.6119,38.095,26.09,32.092
1986,5,17,0.69687,37.962,26.59,32.276
1986,5,18,0.00063026,38.337,26.609,32.473
1986,5,19,0.86554,39.3,27.508,33.404
1986,5,20,0,39.963,28.26,34.112
1986,5,21,0.047365,39.199,27.837,33.518
1986,5,22,0.16353,38.772,28.267,33.519
1986,5,23,0,38.54,26.054,32.297
1986,5,24,0.011585,39.255,27.148,33.202
1986,5,25,0,39.259,26.034,32.646
1986,5,26,0.32421,39.28,26.738,33.009
1986,5,27,0,39.533,26.982,33.258
1986,5,28,0.66803,39.517,27.318,33.418
1986,5,29,2.3531,37.082,23.586,30.334
1986,5,30,0,35.516,25.365,30.441
1986,5,31,1.1048,35.371,24.639,30.005
1986,6,1,0,33.746,23.812,28.779
1986,6,2,0.051512,34.323,25.544,29.933
1986,6,3,0.00031495,34.141,24.382,29.261
1986,6,4,0.219,35.907,26.607,31.257
1986,6,5,0,37.561,27.331,32.446
1986,6,6,0,38.448,27.385,32.916
1986,6,7,0,39.927,27.979,33.953
1986,6,8,0,40.47,28.208,34.339
1986,6,9,0,39.931,28.268,34.1
1986,6,10,0.0079028,39.964,27.087,33.526
1986,6,11,0.55778,37.906,27.976,32.941
1986,6,12,0.14706,39.204,28.983,34.093
1986,6,13,0.032984,37.064,27.009,32.037
1986,6,14,0.11945,34.048,26.213,30.131
1986,6,15,0.49549,33.858,25.53,29.694
1986,6,16,0.28064,33.536,24.073,28.805
1986,6,17,0.53701,31.412,24.323,27.867
1986,6,18,0.35673,31.277,25.691,28.484
1986,6,19,2.383,31.92,25.139,28.529
1986,6,20,38.381,30.088,22.393,26.241
1986,6,21,69.173,25.868,22.177,24.022
1986,6,22,1.7012,25.912,23.084,24.498
1986,6,23,35.641,28.167,23.551,25.859
1986,6,24,67.518,26.435,22.895,24.665
1986,6,25,48.686,25.153,22.049,23.601
1986,6,26,14.576,24.999,21.346,23.173
1986,6,27,37.62,24.67,21.658,23.164
1986,6,28,20.642,24.573,21.557,23.065
1986,6,29,0.082685,26.263,22.304,24.283
1986,6,30,1.5612,28.873,24.077,26.475
1986,7,1,0.10333,30.285,24.266,27.275
1986,7,2,0.50539,30.823,24.625,27.724
1986,7,3,0.60735,32.03,25.449,28.74
1986,7,4,0,31.823,25.366,28.595
1986,7,5,12.86,31.945,25.671,28.808
1986,7,6,0,30.049,25.595,27.822
1986,7,7,0.89325,30.382,24.689,27.535
1986,7,8,19.394,28.545,23.484,26.015
1986,7,9,1.7792,27.1,23.579,25.34
1986,7,10,0.52871,28.689,24.296,26.492
1986,7,11,0.32929,29.126,24.494,26.81
1986,7,12,0.49827,29.157,24.254,26.705
1986,7,13,2.4524,28.03,23.152,25.591
1986,7,14,68.393,25.508,22.331,23.92
1986,7,15,2.7637,26.126,23.053,24.589
1986,7,16,17.069,27.724,23.507,25.615
1986,7,17,9.9883,27.674,23.447,25.56
1986,7,18,30.636,27.384,22.755,25.069
1986,7,19,1.6585,27.277,22.977,25.127
1986,7,20,1.6604,27.873,23.956,25.914
1986,7,21,20.033,27.522,23.38,25.451
1986,7,22,31.889,25.431,21.922,23.676
1986,7,23,32.923,24.723,21.991,23.357
1986,7,24,9.5965,25.535,22.599,24.067
1986,7,25,2.1686,27.973,23.377,25.675
1986,7,26,1.1582,28.865,24.234,26.55
1986,7,27,0.55971,28.547,23.083,25.815
1986,7,28,9.0184,28.148,22.581,25.365
1986,7,29,2.3503,28.398,21.863,25.131
1986,7,30,2.2728,28.328,23.41,25.869
1986,7,31,0.50004,28.778,23.517,26.147
1986,8,1,8.9422,29.119,23.335,26.227
1986,8,2,1.2724,29.47,24.483,26.976
1986,8,3,1.3417,29.245,24.077,26.661
1986,8,4,8.1691,28.274,23.618,25.946
1986,8,5,32.599,28.42,23.076,25.748
1986,8,6,8.6193,26.493,22.806,24.649
1986,8,7,13.031,27.016,23.458,25.237
1986,8,8,1.4181,27.199,23.125,25.162
1986,8,9,3.0944,28.303,23.296,25.8
1986,8,10,26.042,27.865,22.765,25.315
1986,8,11,13.745,27.044,22.468,24.756
1986,8,12,15.401,27.017,23.216,25.116
1986,8,13,22.966,26.691,22.786,24.738
1986,8,14,91.725,25.764,22.448,24.106
1986,8,15,0.11883,25.667,22.018,23.842
1986,8,16,0,26.655,22.806,24.73
1986,8,17,2.1316,27.534,23.289,25.411
1986,8,18,0.86807,27.442,23.209,25.326
1986,8,19,68.801,26.736,23.19,24.963
1986,8,20,5.328,26.553,22.865,24.709
1986,8,21,10.037,26.59,22.759,24.674
1986,8,22,0.36015,26.72,22.735,24.728
1986,8,23,0.011556,27.901,22.796,25.348
1986,8,24,0.43241,28.973,22.645,25.809
1986,8,25,0.27371,29.052,22.969,26.01
1986,8,26,1.6556,29.676,23.002,26.339
1986,8,27,0.38256,29.43,22.629,26.03
1986,8,28,0.25732,29.612,22.79,26.201
1986,8,29,0,30.297,23.653,26.975
1986,8,30,0,31.184,24.214,27.699
1986,8,31,0.041952,31.209,23.852,27.531
1986,9,1,1.9424,30.648,24.088,27.368
1986,9,2,1.0395,30.432,23.996,27.214
1986,9,3,0.10611,30.8,23.708,27.254
1986,9,4,0,31.588,23.819,27.704
1986,9,5,1.3197,30.847,23.245,27.046
1986,9,6,4.4286,30.44,23.832,27.136
1986,9,7,3.5475,31.348,24.186,27.767
1986,9,8,0.05014,31.844,24.4,28.122
1986,9,9,2.693,31.076,23.527,27.302
1986,9,10,17.462,29.828,22.902,26.365
1986,9,11,36.172,26.893,21.145,24.019
1986,9,12,35.816,25.744,21.743,23.744
1986,9,13,4.3651,27.031,22.359,24.695
1986,9,14,0.22764,27.931,22.53,25.23
1986,9,15,1.1088,29.057,23.009,26.033
1986,9,16,7.7854,29.488,23.168,26.328
1986,9,17,0.48922,30.597,23.686,27.142
1986,9,18,2.7142,30.703,24.343,27.523
1986,9,19,0,31.607,23.915,27.761
1986,9,20,0.81384,31.636,23.826,27.731
1986,9,21,2.2758,31.695,23.615,27.655
1986,9,22,0.44087,32.178,23.686,27.932
1986,9,23,0.18674,31.849,23.901,27.875
1986,9,24,9.1767,30.868,23.273,27.07
1986,9,25,0.48961,30.37,22.875,26.622
1986,9,26,0.20915,30.044,22.808,26.426
1986,9,27,0.027475,29.893,22.811,26.352
1986,9,28,0,30.251,23.094,26.673
1986,9,29,0.39668,29.963,22.624,26.294
1986,9,30,1.2006,30.553,22.4,26.477
1986,10,1,0.068895,30.098,22.365,26.231
1986,10,2,1.6093,30.492,22.471,26.482
1986,10,3,19.096,30.935,22.552,26.743
1986,10,4,34.516,28.902,22.824,25.863
1986,10,5,0.45161,27.159,22.014,24.586
1986,10,6,9.756,26.94,22.097,24.519
1986,10,7,11.442,27.437,22.355,24.896
1986,10,8,0.28559,29.721,22.562,26.141
1986,10,9,0.79203,30.324,21.968,26.146
1986,10,10,0.10095,31.33,22.387,26.858
1986,10,11,0,31.88,22.808,27.344
1986,10,12,0.27672,31.978,23.034,27.506
1986,10,13,0,32.161,23.096,27.628
1986,10,14,0,31.972,22.434,27.203
1986,10,15,0,31.909,22.429,27.169
1986,10,16,0,31.688,22.264,26.976
1986,10,17,0,31.368,21.923,26.645
1986,10,18,0,31.54,21.71,26.625
1986,10,19,0,31.207,20.701,25.954
1986,10,20,0,30.814,21.239,26.027
1986,10,21,0,31.021,21.618,26.319
1986,10,22,0,30.656,20.468,25.562
1986,10,23,0,29.621,18.687,24.154
1986,10,24,0,28.358,17.145,22.751
1986,10,25,0,27.913,17.356,22.634
1986,10,26,0,28.223,19.194,23.709
1986,10,27,0,28.76,19.057,23.909
1986,10,28,0,28.474,17.888,23.181
1986,10,29,0,28.204,17.738,22.971
1986,10,30,0,28.588,18.969,23.779
1986,10,31,0,28.278,18.88,23.579
1986,11,1,0,28.327,19.817,24.072
1986,11,2,0.48769,28.747,21.357,25.052
1986,11,3,29.006,27.809,21.231,24.52
1986,11,4,25.027,27.298,20.591,23.945
1986,11,5,8.7709,28.359,20.938,24.649
1986,11,6,0,28.027,20.764,24.395
1986,11,7,0,29.154,21.372,25.263
1986,11,8,0,27.105,20.857,23.981
1986,11,9,0.70039,26.889,20.081,23.485
1986,11,10,0,28.101,19.869,23.985
1986,11,11,0,28.851,18.033,23.442
1986,11,12,0,28.648,17.378,23.013
1986,11,13,0,29.503,18.364,23.934
1986,11,14,0,29.763,18.33,24.047
1986,11,15,0,29.561,17.606,23.584
1986,11,16,0,29.351,16.997,23.174
1986,11,17,0,29.41,17.496,23.453
1986,11,18,0,29.715,17.775,23.745
1986,11,19,0,28.939,16.621,22.78
1986,11,20,0,27.914,15.243,21.578
1986,11,21,0,26.809,14.24,20.525
1986,11,22,0,26.726,14.039,20.383
1986,11,23,0.050605,26.878,13.896,20.387
1986,11,24,0,27.01,14.316,20.663
1986,11,25,0,26.455,13.772,20.113
1986,11,26,0,26.759,14.038,20.398
1986,11,27,0,26.439,14.52,20.48
1986,11,28,0,26.81,15.363,21.086
1986,11,29,0,27.411,15.896,21.654
1986,11,30,0,27.253,14.86,21.057
1986,12,1,0,26.732,13.754,20.243
1986,12,2,0,26.833,14.113,20.473
1986,12,3,0,25.912,13.501,19.707
1986,12,4,0,25.408,12.804,19.106
1986,12,5,0,26.132,12.567,19.35
1986,12,6,0,26.091,12.411,19.251
1986,12,7,0,25.898,13.038,19.468
1986,12,8,0,26.002,13.103,19.552
1986,12,9,0,26.24,13.76,20
1986,12,10,0,26.41,16.095,21.253
1986,12,11,0,27.081,16.689,21.885
1986,12,12,0,26.366,17.486,21.926
1986,12,13,0.015027,26.554,18.768,22.661
1986,12,14,0.44579,26.852,18.304,22.578
1986,12,15,0.21338,25.79,17.095,21.443
1986,12,16,0.022421,26.749,17.985,22.367
1986,12,17,0,27.264,18.019,22.642
1986,12,18,0,27.549,17.985,22.767
1986,12,19,0,27.461,17.45,22.456
1986,12,20,0,27.131,16.655,21.893
1986,12,21,0,26.635,16.291,21.463
1986,12,22,0,26.736,15.9,21.318
1986,12,23,0,27.015,16.699,21.857
1986,12,24,0.011521,27.221,17.529,22.375
1986,12,25,1.7432,26.44,15.578,21.009
1986,12,26,0.74141,23.265,14.532,18.898
1986,12,27,0,23.757,14.849,19.303
1986,12,28,0.63185,23.463,15.266,19.364
1986,12,29,0.0012283,22.531,13.135,17.833
1986,12,30,0,23.23,12.4,17.815
1986,12,31,0,23.204,12.336,17.77
1987,1,1,0.018311,23.267,10.47,16.869
1987,1,2,0.20711,23.648,10.014,16.831
1987,1,3,0,23.728,10.289,17.009
1987,1,4,0,24.099,10.871,17.485
1987,1,5,0,24.493,10.638,17.565
1987,1,6,0,24.65,11.26,17.955
1987,1,7,0,24.839,12.015,18.427
1987,1,8,0,25.061,12.485,18.773
1987,1,9,0,25.382,13.851,19.616
1987,1,10,0,25.243,15.462,20.352
1987,1,11,0.92493,26.019,16.354,21.187
1987,1,12,1.1641,24.226,16.017,20.122
1987,1,13,1.2581,23.808,15.772,19.79
1987,1,14,0,24.716,16.683,20.7
1987,1,15,0,25.488,16.459,20.974
1987,1,16,0,26.325,16.984,21.655
1987,1,17,0,26.708,16.691,21.699
1987,1,18,0,27.31,17.143,22.227
1987,1,19,0,26.81,17.414,22.112
1987,1,20,0,27.519,17.332,22.425
1987,1,21,0,27.183,16.249,21.716
1987,1,22,0,25.507,16.492,20.999
1987,1,23,0,25.427,15.542,20.485
1987,1,24,0,26.911,15.673,21.292
1987,1,25,0,27.091,14.204,20.647
1987,1,26,0,26.415,12.446,19.43
1987,1,27,0.11842,26.122,11.664,18.893
1987,1,28,0,26.371,12.62,19.495
1987,1,29,0,26.576,13.055,19.816
1987,1,30,0,26.7,12.749,19.724
1987,1,31,0,27.223,13.528,20.376
1987,2,1,0,27.534,14.014,20.774
1987,2,2,0,27.206,14.058,20.632
1987,2,3,0,27.258,13.775,20.516
1987,2,4,0,27.188,13.33,20.259
1987,2,5,0,26.79,13.169,19.98
1987,2,6,0.07215,25.659,11.378,18.518
1987,2,7,0.13055,26.26,11.833,19.047
1987,2,8,0,26.134,11.874,19.004
1987,2,9,0,26.488,12.273,19.38
1987,2,10,0,27.209,12.373,19.791
1987,2,11,0.35826,27.945,12.999,20.472
1987,2,12,0.10327,28.648,13.909,21.279
1987,2,13,0.13368,29.099,14.416,21.757
1987,2,14,0,29.085,14.977,22.031
1987,2,15,0,28.869,15.725,22.297
1987,2,16,0,29.188,16.278,22.733
1987,2,17,0,28.62,16.84,22.73
1987,2,18,0,28.832,16.733,22.782
1987,2,19,0,27.376,16.178,21.777
1987,2,20,0.028657,28.45,17.114,22.782
1987,2,21,0,30.041,17.486,23.763
1987,2,22,0,28.824,17.723,23.273
1987,2,23,0.086026,29.84,17.275,23.558
1987,2,24,0,30.753,17.721,24.237
1987,2,25,0,31.282,18.939,25.111
1987,2,26,0,31.016,19.1,25.058
1987,2,27,0,31.127,17.934,24.531
1987,2,28,0.71802,30.088,18.061,24.074
1987,3,1,0.024132,29.67,17.574,23.622
1987,3,2,0,30.255,16.749,23.502
1987,3,3,0,30.211,15.837,23.024
1987,3,4,0,28.579,15.054,21.817
1987,3,5,0,29.61,15.587,22.599
1987,3,6,0,30.688,16.951,23.819
1987,3,7,0,31.135,17.471,24.303
1987,3,8,0.014469,31.791,18.621,25.206
1987,3,9,0.48024,31.979,18.895,25.437
1987,3,10,2.7813,30.208,18.244,24.226
1987,3,11,6.9105,30.51,17.982,24.246
1987,3,12,0.44454,26.913,16.556,21.734
1987,3,13,1.0103,28.629,17.692,23.161
1987,3,14,0.022333,29.864,17.652,23.758
1987,3,15,4.7586,31.305,18.598,24.952
1987,3,16,0.022293,32.329,19.657,25.993
1987,3,17,0.37771,33.036,20.226,26.631
1987,3,18,0.10423,34.123,20.76,27.441
1987,3,19,0,34.19,20.519,27.354
1987,3,20,0.0074446,34.291,21.357,27.824
1987,3,21,10.242,33.08,19.891,26.485
1987,3,22,0,33.742,20.049,26.895
1987,3,23,0,34.193,19.362,26.777
1987,3,24,0,35.117,20.665,27.891
1987,3,25,0,35.061,20.673,27.867
1987,3,26,0,35.326,20.959,28.143
1987,3,27,0.084462,34.827,20.828,27.827
1987,3,28,0.35149,35.607,20.939,28.273
1987,3,29,0.085792,35.747,21.507,28.627
1987,3,30,0,35.881,21.393,28.637
1987,3,31,0,36.054,22.201,29.128
1987,4,1,0,35.859,22.425,29.142
1987,4,2,0,36.363,23.655,30.009
1987,4,3,0,36.998,24.007,30.502
1987,4,4,0,37.061,23.9,30.48
1987,4,5,0,37.766,23.997,30.882
1987,4,6,0,37.3,23.693,30.497
1987,4,7,0.39533,38.106,23.195,30.65
1987,4,8,0.25143,37.71,23.684,30.697
1987,4,9,0.21832,38.025,23.592,30.808
1987,4,10,0.46536,38.185,24.469,31.327
1987,4,11,0,36.642,22.792,29.717
1987,4,12,0,36.924,23.144,30.034
1987,4,13,0,36.017,21.99,29.003
1987,4,14,0,37.035,23.137,30.086
1987,4,15,0,37.422,24.364,30.893
1987,4,16,0,37.481,23.109,30.295
1987,4,17,0,36.18,23.987,30.084
1987,4,18,0,36.058,21.818,28.938
1987,4,19,0.087109,36.786,22.186,29.486
1987,4,20,0,37.397,23.938,30.667
1987,4,21,0,37.989,23.226,30.607
1987,4,22,0,38.003,25.302,31.653
1987,4,23,0.14518,38.007,25.057,31.532
1987,4,24,0,37.004,25.072,31.038
1987,4,25,0.0060849,36.626,25.748,31.187
1987,4,26,0,37.057,24.502,30.779
1987,4,27,0.002998,36.915,23.947,30.431
1987,4,28,2.8464,35.76,23.394,29.577
1987,4,29,2.1614,35.306,22.13,28.718
1987,4,30,0,35.782,24.218,30
1987,5,1,10.451,36.588,24.705,30.646
1987,5,2,8.4988,34.751,23.27,29.011
1987,5,3,3.8126,33.55,21.983,27.766
1987,5,4,3.2047,33.253,21.72,27.487
1987,5,5,0,34.308,22.736,28.522
1987,5,6,0,35.99,23.567,29.778
1987,5,7,0,37.726,25.011,31.369
1987,5,8,0,38.67,25.728,32.199
1987,5,9,0,38.265,26.566,32.416
1987,5,10,0.47539,36.956,24.313,30.634
1987,5,11,0.29128,34.96,24.289,29.625
1987,5,12,0,36.476,24.753,30.615
1987,5,13,0.0080065,36.064,24.388,30.226
1987,5,14,0,36.289,24.612,30.45
1987,5,15,0.032561,35.128,24.534,29.831
1987,5,16,0,36.498,25.212,30.855
1987,5,17,0.21691,37.313,25.574,31.443
1987,5,18,0.33562,37.462,25.586,31.524
1987,5,19,0,37.574,25.925,31.75
1987,5,20,2.2839,38.069,24.869,31.469
1987,5,21,0,37.644,26.384,32.014
1987,5,22,0,38.117,26.073,32.095
1987,5,23,0,39.259,27.149,33.204
1987,5,24,0,38.728,26.499,32.613
1987,5,25,0,39.284,27.244,33.264
1987,5,26,1.106,39.635,26.106,32.871
1987,5,27,0,37.652,25.921,31.786
1987,5,28,0.028803,37.243,25.969,31.606
1987,5,29,1.0771,37.677,27.232,32.454
1987,5,30,0.84323,38.287,26.706,32.497
1987,5,31,0,37.911,26.679,32.295
1987,6,1,0.11768,39.303,28.819,34.061
1987,6,2,0.037956,38.919,28.128,33.524
1987,6,3,0.057819,39.431,27.459,33.445
1987,6,4,1.4713,38.54,29.446,33.993
1987,6,5,1.6865,38.335,27.633,32.984
1987,6,6,0.0094392,37.605,28.89,33.247
1987,6,7,3.4582,38.539,27.362,32.951
1987,6,8,7.6269,36.754,27.131,31.942
1987,6,9,24.773,35.89,25.362,30.626
1987,6,10,0.47605,33.937,24.964,29.45
1987,6,11,0.45577,34.471,25.431,29.951
1987,6,12,4.7014,33.323,26.079,29.701
1987,6,13,30.856,33.655,25.074,29.365
1987,6,14,4.0773,32.313,26.152,29.233
1987,6,15,6.7098,34.707,26.576,30.641
1987,6,16,4.7491,34.769,25.997,30.383
1987,6,17,0.019116,33.487,26.481,29.984
1987,6,18,0.56243,34.046,26.923,30.485
1987,6,19,11.9,32.101,25.296,28.698
1987,6,20,0,33.388,27.303,30.345
1987,6,21,0,35.506,27.817,31.662
1987,6,22,0,36.65,29.219,32.934
1987,6,23,0,35.544,28.031,31.788
1987,6,24,2.4742,34.749,27.426,31.088
1987,6,25,0,34.722,26.451,30.586
1987,6,26,7.5038,34.819,27.533,31.176
1987,6,27,0,34.907,27.13,31.019
1987,6,28,3.1803,33.421,26.707,30.064
1987,6,29,0.10303,35.268,26.825,31.047
1987,6,30,11.545,34.488,26.276,30.382
1987,7,1,1.385,34.342,25.235,29.788
1987,7,2,1.4012,32.511,26.076,29.293
1987,7,3,0.096409,31.275,25.545,28.41
1987,7,4,1.7641,30.248,24.018,27.133
1987,7,5,49.503,27.983,23.118,25.551
1987,7,6,62.276,26.85,22.471,24.661
1987,7,7,0.48328,25.859,23.089,24.474
1987,7,8,0.70489,27.271,23.256,25.263
1987,7,9,41.052,27.925,23.607,25.766
1987,7,10,45.051,27.572,22.961,25.267
1987,7,11,34.72,26.52,22.54,24.53
1987,7,12,17.901,27.874,23.498,25.686
1987,7,13,1.1713,28.35,23.288,25.819
1987,7,14,0.30796,27.779,23.669,25.724
1987,7,15,0.64881,29.277,24.538,26.907
1987,7,16,0.27009,30.216,25.108,27.662
1987,7,17,6.8499,31.502,25.609,28.555
1987,7,18,4.5765,31.071,25.458,28.265
1987,7,19,3.475,30.008,24.514,27.261
1987,7,20,16.869,28.275,24.191,26.233
1987,7,21,18.707,29.45,24.669,27.06
1987,7,22,56.274,29.437,24.374,26.905
1987,7,23,0.20691,27.13,23.306,25.218
1987,7,24,0.019374,29.214,24.773,26.994
1987,7,25,0.051638,30.076,24.575,27.326
1987,7,26,12.552,29.266,24.292,26.779
1987,7,27,13.793,28.656,23.569,26.112
1987,7,28,26.684,28.922,23.069,25.996
1987,7,29,0.13045,28.453,23.124,25.789
1987,7,30,3.2698,28.812,24.092,26.452
1987,7,31,1.57,30.412,24.421,27.416
1987,8,1,1.1858,29.737,24.979,27.358
1987,8,2,4.7107,30.368,25.524,27.946
1987,8,3,0.024752,31.339,25.618,28.479
1987,8,4,9.6313,30.557,24.743,27.65
1987,8,5,9.3835,28.53,23.306,25.918
1987,8,6,0.29511,28.441,23.416,25.929
1987,8,7,9.5624,28.622,23.882,26.252
1987,8,8,4.6928,28.369,23.26,25.814
1987,8,9,1.4866,28.981,23.477,26.229
1987,8,10,1.0689,30.147,24.23,27.188
1987,8,11,0,30.922,25.08,28.001
1987,8,12,0.089023,30.885,24.91,27.897
1987,8,13,12.198,30.368,25.008,27.688
1987,8,14,11.211,29.22,23.374,26.297
1987,8,15,12.173,28.488,23.769,26.128
1987,8,16,0.42691,29.143,24.33,26.736
1987,8,17,2.4798,29.947,24.919,27.433
1987,8,18,12.311,31.027,25.541,28.284
1987,8,19,3.449,30.656,24.893,27.775
1987,8,20,7.1855,29.023,23.013,26.018
1987,8,21,30.024,29.021,23.651,26.336
1987,8,22,7.1435,28.839,24.124,26.482
1987,8,23,0.5814,29.859,24.381,27.12
1987,8,24,50.573,29.869,23.506,26.687
1987,8,25,7.401,27.904,23.21,25.557
1987,8,26,4.5053,28.701,23.713,26.207
1987,8,27,12.55,28.398,22.873,25.636
1987,8,28,31.598,26.056,22.275,24.165
1987,8,29,24.264,25.628,21.661,23.645
1987,8,30,10.504,26.325,22.114,24.22
1987,8,31,0.53247,27.43,22.019,24.724
1987,9,1,0.57096,28.293,23.066,25.679
1987,9,2,43.826,26.538,22.384,24.461
1987,9,3,69.799,27.531,22.92,25.225
1987,9,4,63.234,27.26,22.371,24.816
1987,9,5,0.06439,26.768,22.493,24.631
1987,9,6,6.759,28.849,23.624,26.236
1987,9,7,0.56822,28.851,23.652,26.251
1987,9,8,7.3052,28.919,23.522,26.22
1987,9,9,1.8344,28.773,23.538,26.155
1987,9,10,1.6641,29.071,23.445,26.258
1987,9,11,7.6448,28.639,23.337,25.988
1987,9,12,0.54194,30.12,23.511,26.815
1987,9,13,0,30.823,23.886,27.355
1987,9,14,0,30.929,24.181,27.555
1987,9,15,1.8528,30.692,24.015,27.354
1987,9,16,0.78156,30.519,23.745,27.132
1987,9,17,0.064451,31.511,23.665,27.588
1987,9,18,0.02806,31.333,24.28,27.806
1987,9,19,0,31.977,24.342,28.159
1987,9,20,0.035092,31.669,24.04,27.854
1987,9,21,8.3978,31.099,23.819,27.459
1987,9,22,2.5942,31.162,23.179,27.17
1987,9,23,0,31.317,23.574,27.446
1987,9,24,0,31.074,23.976,27.525
1987,9,25,0.062553,31.411,23.651,27.531
1987,9,26,0.061969,32.205,23.679,27.942
1987,9,27,0.027727,32.705,24.132,28.418
1987,9,28,2.4228,33.451,23.914,28.682
1987,9,29,0,32.804,23.403,28.103
1987,9,30,0,32.655,23.664,28.159
1987,10,1,0,32.014,23.434,27.724
1987,10,2,0.029537,31.309,23.537,27.423
1987,10,3,0.10544,30.952,23.273,27.113
1987,10,4,44.324,30.743,22.977,26.86
1987,10,5,25.734,29.508,22.014,25.761
1987,10,6,19.5,28.918,22.18,25.549
1987,10,7,6.4438,28.725,22.327,25.526
1987,10,8,25.118,28.615,21.926,25.271
1987,10,9,13.472,27.837,21.557,24.697
1987,10,10,5.6687,29.026,21.427,25.227
1987,10,11,0.33104,29.848,21.744,25.796
1987,10,12,0.46438,30.338,22.072,26.205
1987,10,13,0,31.245,21.966,26.606
1987,10,14,0.52236,31.268,21.83,26.549
1987,10,15,0.023027,31.307,22.698,27.002
1987,10,16,17.944,28.388,21.594,24.991
1987,10,17,0,27.101,21.758,24.429
1987,10,18,0.10555,28.487,22.218,25.352
1987,10,19,1.7653,28.579,22.267,25.423
1987,10,20,4.0893e-07,28.903,22.36,25.631
1987,10,21,0.037381,29.423,21.228,25.325
1987,10,22,0,29.449,21.191,25.32
1987,10,23,0.1062,29.034,20.156,24.595
1987,10,24,0,28.339,18.307,23.323
1987,10,25,0,28.23,17.903,23.066
1987,10,26,0,28.317,18.189,23.253
1987,10,27,0,28.322,17.917,23.12
1987,10,28,0,28.363,18.532,23.448
1987,10,29,0,28.276,18.18,23.228
1987,10,30,0,28.626,18.681,23.654
1987,10,31,0,29.296,18.174,23.735
1987,11,1,0,29.448,18.772,24.11
1987,11,2,0,28.971,19.225,24.098
1987,11,3,0.27587,28.537,20.058,24.298
1987,11,4,0.036745,26.378,19.88,23.129
1987,11,5,2.1715,24.897,19.425,22.161
1987,11,6,0,27.558,20.17,23.864
1987,11,7,0,29.172,19.174,24.173
1987,11,8,0.0037476,28.321,17.224,22.772
1987,11,9,0,27.235,16.445,21.84
1987,11,10,0,27.56,19.181,23.37
1987,11,11,0,28.422,19.644,24.033
1987,11,12,0.095793,28.69,18.891,23.791
1987,11,13,0.64185,26.188,18.581,22.384
1987,11,14,0.16995,25.58,20.18,22.88
1987,11,15,0.029872,26.862,21.09,23.976
1987,11,16,0.12831,27.525,21.444,24.484
1987,11,17,18.781,28.003,21.742,24.873
1987,11,18,44.571,28.117,21.842,24.979
1987,11,19,6.9856,27.292,19.879,23.585
1987,11,20,0,27.35,19.927,23.639
1987,11,21,0,28.086,19.592,23.839
1987,11,22,0,25.988,17.674,21.831
1987,11,23,0,26.55,16.134,21.342
1987,11,24,0,26.507,15.568,21.038
1987,11,25,0,26.524,14.136,20.33
1987,11,26,0,26.593,14.639,20.616
1987,11,27,0,26.287,14.431,20.359
1987,11,28,0,26.184,13.137,19.66
1987,11,29,0,26.082,12.6,19.341
1987,11,30,0,26.004,12.657,19.33
1987,12,1,0.20042,25.621,12.856,19.238
1987,12,2,0.44989,26.196,12.982,19.589
1987,12,3,0,26.261,12.906,19.584
1987,12,4,0,26.842,16,21.421
1987,12,5,0,27.476,16.75,22.113
1987,12,6,0,26.694,15.219,20.957
1987,12,7,0,26.393,14.406,20.399
1987,12,8,0,25.732,13.344,19.538
1987,12,9,0,25.696,14.679,20.188
1987,12,10,0,26.558,17.232,21.895
1987,12,11,0,28.37,18.647,23.508
1987,12,12,0,29.284,19.232,24.258
1987,12,13,6.1576,28.201,17.789,22.995
1987,12,14,0.00076725,24.123,15.099,19.611
1987,12,15,0,24.503,12.756,18.63
1987,12,16,0,23.794,11.269,17.531
1987,12,17,0,23.275,11.052,17.164
1987,12,18,0,23.408,11.721,17.564
1987,12,19,0,23.245,10.759,17.002
1987,12,20,0,23.054,10.786,16.92
1987,12,21,0,23.455,11.904,17.679
1987,12,22,0,24.971,13.301,19.136
1987,12,23,0,26.166,14.424,20.295
1987,12,24,0,26.55,14.355,20.452
1987,12,25,0,26.287,13.667,19.977
1987,12,26,0,25.584,12.737,19.16
1987,12,27,0,25.158,12.061,18.609
1987,12,28,0,24.332,11.251,17.791
1987,12,29,0,24.821,11.213,18.017
1987,12,30,0,24.806,11.51,18.158
1987,12,31,0,24.546,11.634,18.09
1988,1,1,0,23.86,11.45,17.655
1988,1,2,0.27922,25.546,12.388,18.967
1988,1,3,0,25.544,11.491,18.518
1988,1,4,0,25.897,11.42,18.658
1988,1,5,0,26.051,11.957,19.004
1988,1,6,0,24.927,13.254,19.09
1988,1,7,0,25.694,12.213,18.954
1988,1,8,0,26.337,13.13,19.733
1988,1,9,0.12798,25.798,13.393,19.596
1988,1,10,0,26.192,13.677,19.934
1988,1,11,0.032911,26.258,13.986,20.122
1988,1,12,0,26.846,14.215,20.53
1988,1,13,0.15211,26.809,15.27,21.039
1988,1,14,0.71149,26.618,15.016,20.817
1988,1,15,0,26.781,15.466,21.124
1988,1,16,0,27.582,15.704,21.643
1988,1,17,0,28.423,16.483,22.453
1988,1,18,0,28.021,16.057,22.039
1988,1,19,0,28.059,15.558,21.809
1988,1,20,0,27.629,14.85,21.24
1988,1,21,0,27.882,14.718,21.3
1988,1,22,0,28.385,15.924,22.154
1988,1,23,0,28.221,15.498,21.86
1988,1,24,0,28.369,15.993,22.181
1988,1,25,0,28.675,16.296,22.485
1988,1,26,0,29.017,16.69,22.853
1988,1,27,0,28.537,16.105,22.321
1988,1,28,0,28.72,16.185,22.452
1988,1,29,0,28.416,15.767,22.091
1988,1,30,0.055445,28.763,15.93,22.347
1988,1,31,0,29.369,16.301,22.835
1988,2,1,0,28.853,15.271,22.062
1988,2,2,0,28.914,14.714,21.814
1988,2,3,0.010009,28.318,14.091,21.204
1988,2,4,0,27.796,11.937,19.867
1988,2,5,0,27.892,11.814,19.853
1988,2,6,0,28.404,12.198,20.301
1988,2,7,0,28.453,13.33,20.892
1988,2,8,0,29.091,14.784,21.937
1988,2,9,0,29.624,15.937,22.78
1988,2,10,0,30.218,15.471,22.845
1988,2,11,0,29.826,15.808,22.817
1988,2,12,0.12914,30.376,17.05,23.713
1988,2,13,0.026224,29.23,16.391,22.811
1988,2,14,0,30.623,17.301,23.962
1988,2,15,0.11666,29.143,17.921,23.532
1988,2,16,2.6066,30.39,19.336,24.863
1988,2,17,19.571,29.659,18.79,24.224
1988,2,18,43.997,28.937,18.38,23.658
1988,2,19,0,29.474,17.955,23.715
1988,2,20,0,30.003,18.569,24.286
1988,2,21,19.851,30.954,20.169,25.561
1988,2,22,2.8905,31.289,19.75,25.52
1988,2,23,0.40223,31.603,20.759,26.181
1988,2,24,0.018116,30.845,19.601,25.223
1988,2,25,0,30.486,19.764,25.125
1988,2,26,0,30.477,19.729,25.103
1988,2,27,0.0014618,31.662,20.142,25.902
1988,2,28,0.048665,31.528,20.186,25.857
1988,2,29,0,31.607,20.172,25.89
1988,3,1,0,31.703,21.179,26.441
1988,3,2,0.10813,30.918,19.35,25.134
1988,3,3,0,30.169,17.863,24.016
1988,3,4,0,30.992,19.039,25.016
1988,3,5,0,30.918,19.582,25.25
1988,3,6,0.025245,32.293,20.707,26.5
1988,3,7,0,33.086,20.691,26.888
1988,3,8,1.8136,33.402,21.533,27.467
1988,3,9,49.148,33.605,21.944,27.774
1988,3,10,21.822,30.828,20.432,25.63
1988,3,11,32.638,32.539,20.894,26.716
1988,3,12,0.048826,33.455,20.294,26.875
1988,3,13,0.054064,31.142,20.418,25.78
1988,3,14,0,33.552,20.755,27.154
1988,3,15,0,34.014,20.089,27.052
1988,3,16,0,34.447,20.557,27.502
1988,3,17,0,34.616,22.533,28.574
1988,3,18,0,36.249,23.522,29.886
1988,3,19,0,36.438,22.623,29.531
1988,3,20,0,34.277,18.607,26.442
1988,3,21,0,33.123,18.01,25.567
1988,3,22,0,33.66,17.487,25.573
1988,3,23,0.21284,33.465,18.39,25.928
1988,3,24,0,33.82,18.243,26.031
1988,3,25,0,34.409,20.523,27.466
1988,3,26,0,35.25,22.968,29.109
1988,3,27,0,35.044,23.526,29.285
1988,3,28,0,35.422,21.747,28.585
1988,3,29,0.33449,34.941,18.324,26.633
1988,3,30,3.7335e-07,34.907,18.579,26.743
1988,3,31,0.064995,35.998,20.721,28.359
1988,4,1,0.0056094,36.18,22.651,29.416
1988,4,2,0,36.641,22.827,29.734
1988,4,3,0.24773,36.645,23.319,29.982
1988,4,4,0.0039699,37.094,24.169,30.632
1988,4,5,0.077528,37.765,24.388,31.076
1988,4,6,0,37.619,24.068,30.844
1988,4,7,0,37.847,24.659,31.253
1988,4,8,0.0022555,38.07,25.296,31.683
1988,4,9,0.79278,37.689,24.431,31.06
1988,4,10,0,37.24,23.73,30.485
1988,4,11,0,37.848,24.51,31.179
1988,4,12,0.017761,38.215,25.35,31.782
1988,4,13,0.0045672,37.739,24.782,31.261
1988,4,14,0.034333,38.106,25.441,31.774
1988,4,15,0.092809,38.075,25.628,31.852
1988,4,16,0.093958,37.282,25.401,31.342
1988,4,17,4.0138,35.711,21.844,28.777
1988,4,18,10.303,34.312,23.367,28.84
1988,4,19,5.0058,34.851,21.901,28.376
1988,4,20,0,34.868,23.364,29.116
1988,4,21,0,33.052,21.879,27.465
1988,4,22,0.0040453,34.649,21.836,28.242
1988,4,23,0,35.035,22.962,28.999
1988,4,24,19.912,36.048,24.158,30.103
1988,4,25,0.44369,33.927,22.621,28.274
1988,4,26,0.31343,34.208,23.683,28.945
1988,4,27,0.022391,34.435,22.627,28.531
1988,4,28,0,35.615,24.317,29.966
1988,4,29,0.076131,37.137,24.962,31.049
1988,4,30,0.034058,36.887,24.935,30.911
1988,5,1,0,36.941,25.991,31.466
1988,5,2,0.0044049,37.099,26.418,31.759
1988,5,3,0,36.056,23.493,29.775
1988,5,4,0,35.597,24.579,30.088
1988,5,5,0.025215,36.302,24.045,30.173
1988,5,6,0.011309,37.29,24.969,31.129
1988,5,7,0,40.342,27.593,33.968
1988,5,8,0,40.764,27.555,34.159
1988,5,9,0,41.394,28.193,34.794
1988,5,10,0,41.355,28.561,34.958
1988,5,11,0,42.141,28.754,35.447
1988,5,12,0.05166,42.654,29.095,35.874
1988,5,13,0.18959,42.2,29.797,35.998
1988,5,14,0.18856,41.015,27.845,34.43
1988,5,15,7.137,39.175,26.972,33.074
1988,5,16,0.069673,38.168,27.287,32.728
1988,5,17,1.0798,38.372,25.245,31.809
1988,5,18,0,38.927,27.523,33.225
1988,5,19,1.1645,39.525,27.256,33.39
1988,5,20,0.22312,38.578,26.215,32.397
1988,5,21,0.092685,38.314,27.244,32.779
1988,5,22,0,38.417,27.87,33.143
1988,5,23,0.0099349,40.315,28.4,34.358
1988,5,24,0.13858,38.722,28.386,33.554
1988,5,25,0.26129,41.048,28.593,34.82
1988,5,26,0.0020909,40.845,29.718,35.282
1988,5,27,0,41.154,29.394,35.274
1988,5,28,0.068684,41.906,29.285,35.596
1988,5,29,0,41.574,30.109,35.842
1988,5,30,4.3606,42.012,30.02,36.016
1988,5,31,9.054e-05,42.214,30.47,36.342
1988,6,1,0.346,41.807,30.926,36.366
1988,6,2,3.3495,40.061,27.166,33.614
1988,6,3,2.6142,38.938,26.838,32.888
1988,6,4,0.295,38.728,27.415,33.071
1988,6,5,0.41782,38.769,27.198,32.983
1988,6,6,3.5496,37.747,27.091,32.419
1988,6,7,0,37.396,27.762,32.579
1988,6,8,0.04132,38.215,27.463,32.839
1988,6,9,0.0095568,36.277,26.385,31.331
1988,6,10,0,34.938,27.392,31.165
1988,6,11,2.0982,36.101,27.7,31.901
1988,6,12,0.0085608,36.045,28.074,32.059
1988,6,13,0.65819,35.547,26.988,31.268
1988,6,14,0.54921,34.096,26.372,30.234
1988,6,15,21.09,35.037,27.043,31.04
1988,6,16,1.0247,35.408,25.793,30.6
1988,6,17,28.729,33.081,24.808,28.945
1988,6,18,0.16934,32.398,24.914,28.656
1988,6,19,5.2452,32.37,25.033,28.701
1988,6,20,3.7577,33.52,24.968,29.244
1988,6,21,30.261,31.875,24.423,28.149
1988,6,22,41.098,30.112,24.225,27.168
1988,6,23,29.825,28.697,23.633,26.165
1988,6,24,4.6208,28.981,23.776,26.378
1988,6,25,0.77489,29.217,24.633,26.925
1988,6,26,27.919,30.631,24.362,27.497
1988,6,27,0.66095,30.038,24.504,27.271
1988,6,28,5.439,29.071,24.228,26.65
1988,6,29,10.252,29.933,23.565,26.749
1988,6,30,0.19944,30.947,24.933,27.94
1988,7,1,5.3966,31.265,24.027,27.646
1988,7,2,42.153,29.066,23.004,26.035
1988,7,3,1.0274,28.046,23.549,25.798
1988,7,4,11.254,29.244,24.14,26.692
1988,7,5,0.94074,29.144,23.71,26.427
1988,7,6,0.043209,28.776,23.705,26.241
1988,7,7,0.17541,28.393,22.48,25.436
1988,7,8,7.7553,28.462,22.586,25.524
1988,7,9,2.4534,27.403,23.018,25.21
1988,7,10,9.713,27.712,23.323,25.518
1988,7,11,0.13978,29.309,24.483,26.896
1988,7,12,0.15483,29.661,24.456,27.058
1988,7,13,4.0756,29.56,23.971,26.765
1988,7,14,27.335,28.191,24.013,26.102
1988,7,15,2.1842,28.371,24.556,26.464
1988,7,16,3.9155,29.324,24.438,26.881
1988,7,17,3.4206,29.466,24.557,27.011
1988,7,18,35.254,29.414,24.471,26.942
1988,7,19,31.803,27.706,23.359,25.533
1988,7,20,0.48815,28.837,24.572,26.705
1988,7,21,4.4202,29.543,24.722,27.133
1988,7,22,40.476,26.921,23.367,25.144
1988,7,23,0.08786,27.07,23.345,25.208
1988,7,24,0.72144,28.888,24.508,26.698
1988,7,25,0.64031,29.052,24.417,26.735
1988,7,26,7.7598,27.644,23.202,25.423
1988,7,27,1.689,26.414,22.646,24.53
1988,7,28,3.8981,26.523,22.819,24.671
1988,7,29,2.1272,26.433,23.246,24.839
1988,7,30,2.9017,27.545,23.961,25.753
1988,7,31,5.3391,27.766,23.81,25.788
1988,8,1,20.494,26.976,23.212,25.094
1988,8,2,0.96987,26.086,22.984,24.535
1988,8,3,11.735,25.804,22.723,24.264
1988,8,4,30.869,26.435,23.38,24.908
1988,8,5,0.74641,28.438,23.995,26.216
1988,8,6,5.9993,29.421,25.123,27.272
1988,8,7,29.362,29.166,24.979,27.073
1988,8,8,26.744,29.13,23.804,26.467
1988,8,9,24.168,29.106,23.624,26.365
1988,8,10,17.878,27.823,23.554,25.688
1988,8,11,2.6161,27.14,23.802,25.471
1988,8,12,0.41639,28.556,24.38,26.468
1988,8,13,2.2496,30.098,25.066,27.582
1988,8,14,5.753,30.732,25.24,27.986
1988,8,15,4.4199,30.308,24.957,27.632
1988,8,16,6.1689,29.944,24.352,27.148
1988,8,17,0.45015,28.932,23.809,26.371
1988,8,18,17.844,28.053,23.555,25.804
1988,8,19,17.359,28.536,24.178,26.357
1988,8,20,9.8581,28.649,24.225,26.437
1988,8,21,19.782,29.15,24.278,26.714
1988,8,22,19.084,28.346,23.727,26.037
1988,8,23,0.56135,28.628,23.314,25.971
1988,8,24,0.45743,28.703,23.238,25.971
1988,8,25,0.292,28.882,23.939,26.411
1988,8,26,0,29.847,24.105,26.976
1988,8,27,0,29.723,24.377,27.05
1988,8,28,3.197,29.468,24.34,26.904
1988,8,29,7.2183,28.698,23.855,26.276
1988,8,30,7.102,29.291,23.492,26.392
1988,8,31,0,29.714,23.489,26.602
1988,9,1,0.85142,30.092,24.181,27.137
1988,9,2,0.12215,29.913,23.96,26.936
1988,9,3,1.4357,28.557,23.561,26.059
1988,9,4,1.5835,28.591,23.516,26.053
1988,9,5,1.7978,30.165,24.351,27.258
1988,9,6,15.435,30.006,23.626,26.816
1988,9,7,0.35863,29.121,23.566,26.343
1988,9,8,5.3302,29.403,24.084,26.744
1988,9,9,7.0477,28.537,23.493,26.015
1988,9,10,5.0123,28.753,23.479,26.116
1988,9,11,5.3321,29.867,23.851,26.859
1988,9,12,0,30.634,24.294,27.464
1988,9,13,11.011,30.833,24.238,27.536
1988,9,14,3.7442,30.34,23.254,26.797
1988,9,15,0.94478,30.637,23.807,27.222
1988,9,16,0.92097,31.201,23.869,27.535
1988,9,17,9.6505,30.405,23.86,27.133
1988,9,18,0.065869,30.581,23.723,27.152
1988,9,19,0.39892,29.281,23.298,26.289
1988,9,20,1.0236,26.687,22.94,24.813
1988,9,21,9.9868,27.855,23.157,25.506
1988,9,22,25.498,29.018,23.058,26.038
1988,9,23,57.086,28.136,23.359,25.748
1988,9,24,0.75243,27.47,23.13,25.3
1988,9,25,0.65831,29.949,23.647,26.798
1988,9,26,0.21816,30.663,23.172,26.917
1988,9,27,0.04281,30.872,23.991,27.432
1988,9,28,0.0012884,31.501,24.067,27.784
1988,9,29,4.4387,30.641,23.321,26.981
1988,9,30,20.645,30.14,22.634,26.387
1988,10,1,22.281,28.658,22.938,25.798
1988,10,2,10.149,27.113,22.81,24.962
1988,10,3,9.9084,28.512,23.167,25.839
1988,10,4,0.73611,29.755,23.943,26.849
1988,10,5,0.16279,30.154,23.623,26.889
1988,10,6,0.0016496,29.789,22.785,26.287
1988,10,7,0.13362,29.484,21.111,25.298
1988,10,8,0.70156,29.825,20.354,25.089
1988,10,9,0.69856,29.053,19.85,24.451
1988,10,10,1.2336,29.1,19.988,24.544
1988,10,11,2.4459,29.382,19.633,24.507
1988,10,12,0,29.08,18.776,23.928
1988,10,13,0.13875,29.044,17.905,23.474
1988,10,14,0.6889,29.144,18.614,23.879
1988,10,15,1.169,29.959,19.415,24.687
1988,10,16,0.048826,30.418,19.256,24.837
1988,10,17,0,30.663,19.191,24.927
1988,10,18,0,30.003,18.982,24.492
1988,10,19,0,29.735,18.638,24.186
1988,10,20,0,29.651,18.499,24.075
1988,10,21,0,29.601,19.113,24.357
1988,10,22,0,29.695,19.815,24.755
1988,10,23,0,29.898,19.578,24.738
1988,10,24,0,29.471,18.978,24.225
1988,10,25,0,29.855,18.298,24.077
1988,10,26,0,30.301,18.735,24.518
1988,10,27,0,29.941,18.385,24.163
1988,10,28,0,29.12,18.783,23.952
1988,10,29,0,29.201,19.501,24.351
1988,10,30,0,28.615,19.788,24.202
1988,10,31,0,28.969,19.736,24.353
1988,11,1,0,28.989,19.664,24.327
1988,11,2,0,29.502,20.471,24.987
1988,11,3,0.48011,29.665,20.244,24.955
1988,11,4,0,29.917,20.471,25.194
1988,11,5,0.20174,28.168,19.266,23.717
1988,11,6,0.13852,28.553,18.066,23.31
1988,11,7,0,28.697,16.795,22.746
1988,11,8,0,27.929,16.173,22.051
1988,11,9,0,27.486,15.792,21.639
1988,11,10,0,27.923,15.505,21.714
1988,11,11,0,27.283,16.068,21.675
1988,11,12,0,27.414,16.431,21.923
1988,11,13,0,27.262,15.52,21.391
1988,11,14,0,26.906,15.161,21.033
1988,11,15,0,27.006,15.197,21.102
1988,11,16,0,26.996,15.046,21.021
1988,11,17,0.067391,27.247,15.153,21.2
1988,11,18,2.1243e-06,27.605,15.116,21.361
1988,11,19,0,27.71,15.11,21.41
1988,11,20,0,27.145,14.985,21.065
1988,11,21,0,26.703,14.667,20.685
1988,11,22,0,26.511,14.957,20.734
1988,11,23,0,26.911,15.602,21.257
1988,11,24,0,27.094,15.772,21.433
1988,11,25,0,27.15,15.235,21.192
1988,11,26,0.013429,27.393,14.871,21.132
1988,11,27,0,27.157,15.35,21.253
1988,11,28,0,25.668,14.656,20.162
1988,11,29,0,24.927,13.418,19.172
1988,11,30,0,23.877,12.471,18.174
1988,12,1,0,24.898,13.097,18.997
1988,12,2,0,26.701,14.801,20.751
1988,12,3,0,27.434,15.641,21.538
1988,12,4,0,27.29,14.915,21.102
1988,12,5,0.0078242,26.731,14.158,20.444
1988,12,6,0,26.355,13.515,19.935
1988,12,7,0,26.031,12.813,19.422
1988,12,8,0,25.617,12.128,18.873
1988,12,9,0,25.896,12.875,19.385
1988,12,10,0,25.734,13.176,19.455
1988,12,11,0,26.105,14.282,20.194
1988,12,12,0.073546,26.797,16.115,21.456
1988,12,13,0,25.733,17.791,21.762
1988,12,14,0.1709,25.546,16.542,21.044
1988,12,15,0,24.878,14.313,19.596
1988,12,16,0,25.755,12.312,19.034
1988,12,17,0,25.604,12.243,18.923
1988,12,18,0,25.925,12.904,19.414
1988,12,19,0,25.59,12.76,19.175
1988,12,20,0,26.115,14.155,20.135
1988,12,21,0,26.112,13.496,19.804
1988,12,22,0,26.068,13.177,19.622
1988,12,23,0,26.831,14.031,20.431
1988,12,24,0,26.906,14.824,20.865
1988,12,25,0,26.99,14.994,20.992
1988,12,26,0,27.013,15.986,21.499
1988,12,27,0,26.878,15.474,21.176
1988,12,28,0,25.594,14.897,20.245
1988,12,29,0,25.549,14.695,20.122
1988,12,30,0,24.97,13.213,19.092
1988,12,31,0,25.296,12.923,19.11
1989,1,1,0,25.879,13.192,19.535
1989,1,2,0,26.356,13.83,20.093
1989,1,3,0,26.413,14.694,20.554
1989,1,4,0,26.978,14.251,20.614
1989,1,5,0,26.385,13.259,19.822
1989,1,6,0,26.581,13.697,20.139
1989,1,7,0,27.401,14.809,21.105
1989,1,8,0,27.594,15.162,21.378
1989,1,9,0,26.773,14.62,20.696
1989,1,10,0.02229,25.906,13.576,19.741
1989,1,11,0,25.421,12.545,18.983
1989,1,12,0,25.068,12.007,18.537
1989,1,13,0,25.349,11.947,18.648
1989,1,14,0.32535,25.468,12.072,18.77
1989,1,15,0.60497,26.328,12.385,19.357
1989,1,16,0,27.047,13.082,20.064
1989,1,17,0,27.502,14.227,20.864
1989,1,18,0,27.145,13.388,20.266
1989,1,19,0,27.62,14.467,21.043
1989,1,20,0,27.133,15.013,21.073
1989,1,21,0,28.137,14.813,21.475
1989,1,22,0,26.956,13.759,20.358
1989,1,23,0,26.52,13.119,19.82
1989,1,24,0,25.827,12.322,19.074
1989,1,25,0,26.535,11.741,19.138
1989,1,26,0.019563,27.033,13.06,20.046
1989,1,27,0,27.323,13.503,20.413
1989,1,28,0,28.03,13.958,20.994
1989,1,29,0,28.134,13.826,20.98
1989,1,30,0,28.011,13.271,20.641
1989,1,31,0.11253,28.296,13.115,20.705
1989,2,1,0,28.801,12.921,20.861
1989,2,2,0,29.831,14.336,22.083
1989,2,3,0,30.515,14.477,22.496
1989,2,4,0,30.592,14.272,22.432
1989,2,5,0,31.024,14.812,22.918
1989,2,6,0,30.701,15.047,22.874
1989,2,7,0,30.397,15.696,23.047
1989,2,8,0,30.373,15.621,22.997
1989,2,9,0,30.562,16.045,23.303
1989,2,10,0.14875,31.088,16.2,23.644
1989,2,11,0,30.841,15.748,23.294
1989,2,12,0,30.591,15.669,23.13
1989,2,13,0.52417,30.039,15.498,22.769
1989,2,14,0.43071,30.248,16.715,23.482
1989,2,15,0,30.082,17.111,23.596
1989,2,16,0.09662,30.749,16.384,23.566
1989,2,17,0,30.933,16.898,23.916
1989,2,18,0,31.047,16.81,23.928
1989,2,19,0,31.466,17.001,24.233
1989,2,20,0,27.765,12.575,20.17
1989,2,21,0,27.531,13.05,20.29
1989,2,22,0,29.21,15.927,22.568
1989,2,23,0,29.313,14.852,22.083
1989,2,24,0,29.227,14.083,21.655
1989,2,25,0,29.257,14.455,21.856
1989,2,26,0,31.039,15.279,23.159
1989,2,27,0,32.519,16.694,24.606
1989,2,28,0,33.575,17.955,25.765
1989,3,1,0.037097,33.323,18.635,25.979
1989,3,2,0.19796,33.993,18.453,26.223
1989,3,3,0,33.846,17.865,25.856
1989,3,4,0,33.68,17.727,25.703
1989,3,5,0,32.836,17.531,25.183
1989,3,6,0.013243,33.418,18.639,26.028
1989,3,7,0,33.033,19.393,26.213
1989,3,8,0,33.285,19.476,26.381
1989,3,9,0,32.16,19.393,25.777
1989,3,10,0.029526,31.608,19.329,25.468
1989,3,11,6.5974,31.074,17.348,24.211
1989,3,12,1.3239,28.34,17.369,22.854
1989,3,13,0,30.909,17.897,24.403
1989,3,14,0,31.672,18.642,25.157
1989,3,15,0.046206,31.732,18.676,25.204
1989,3,16,0,32.239,19.706,25.973
1989,3,17,0.28716,32.387,20.562,26.475
1989,3,18,0.15862,33.342,20.99,27.166
1989,3,19,0.040328,33.688,20.562,27.125
1989,3,20,0,34.097,20.966,27.531
1989,3,21,0.14358,35.178,22.292,28.735
1989,3,22,0.0033782,35.791,23.261,29.526
1989,3,23,0.0064187,36.378,23.969,30.173
1989,3,24,0.024004,36.449,23.114,29.781
1989,3,25,0.66471,34.382,21.395,27.889
1989,3,26,0.043174,32.943,21.614,27.278
1989,3,27,0.32748,33.102,21.068,27.085
1989,3,28,0.43124,31.388,20.283,25.836
1989,3,29,1.9753,29.693,18.337,24.015
1989,3,30,0.0020269,30.566,19.015,24.79
1989,3,31,0,32.133,20.768,26.451
1989,4,1,0,33.379,21.372,27.375
1989,4,2,0,35.19,22.669,28.93
1989,4,3,0,36.096,22.724,29.41
1989,4,4,0,36.063,23.659,29.861
1989,4,5,0,36.385,22.472,29.429
1989,4,6,0,36.073,20.105,28.089
1989,4,7,0,35.341,20.212,27.777
1989,4,8,0,35.915,20.552,28.233
1989,4,9,0,36.003,21.291,28.647
1989,4,10,0.013538,37.15,22.901,30.025
1989,4,11,0.098648,37.627,23.944,30.785
1989,4,12,0,36.903,22.798,29.851
1989,4,13,0,37.005,22.937,29.971
1989,4,14,0,37.668,24.824,31.246
1989,4,15,0,37.996,25.103,31.549
1989,4,16,0,38.162,25.84,32.001
1989,4,17,0,37.944,24.964,31.454
1989,4,18,0,37.994,25.239,31.616
1989,4,19,0.031947,37.83,25.99,31.91
1989,4,20,0.72531,37.289,24.921,31.105
1989,4,21,0,37.328,25.464,31.396
1989,4,22,0.018317,38.15,25.716,31.933
1989,4,23,0,38.998,26.222,32.61
1989,4,24,0.37461,37.951,26.406,32.179
1989,4,25,1.1558,38.527,26.911,32.719
1989,4,26,0.66191,38.059,25.241,31.65
1989,4,27,0.0014606,37.579,26.053,31.816
1989,4,28,0.10235,38.263,27.114,32.689
1989,4,29,0,38.691,27.174,32.932
1989,4,30,0,39.15,26.497,32.824
1989,5,1,0.4755,39.071,26.705,32.888
1989,5,2,0,39.357,27.791,33.574
1989,5,3,0.62821,38.601,26.264,32.432
1989,5,4,0.00052258,37.292,26.366,31.829
1989,5,5,0.04728,37.87,26,31.935
1989,5,6,0.00052258,37.488,26.309,31.899
1989,5,7,0.00052258,39.379,27.312,33.346
1989,5,8,0.0013582,39.304,27.412,33.358
1989,5,9,0.00052258,39.017,26.257,32.637
1989,5,10,0.00052258,39.296,25.243,32.269
1989,5,11,0.00052258,39.694,26.485,33.09
1989,5,12,0.00052258,40.162,28.073,34.117
1989,5,13,1.003,39.941,28.241,34.091
1989,5,14,0.44439,40.162,28.272,34.217
1989,5,15,1.2765,39.301,27.442,33.372
1989,5,16,0.10023,40.004,28.444,34.224
1989,5,17,2.5076,40.944,27.476,34.21
1989,5,18,0.00052258,40.211,28.041,34.126
1989,5,19,0.00052258,37.37,26.775,32.072
1989,5,20,0.00052258,38.666,28.243,33.454
1989,5,21,0.037972,39.641,28.727,34.184
1989,5,22,1.0869,39.841,26.402,33.121
1989,5,23,0.012878,40.373,28.048,34.21
1989,5,24,0.00052258,40.688,28.918,34.803
1989,5,25,0.10675,39.247,28.788,34.017
1989,5,26,0.73127,37.426,28.387,32.907
1989,5,27,0.00052258,38.049,28.164,33.107
1989,5,28,1.4377,39.028,28.247,33.638
1989,5,29,0.00052258,40.079,29.544,34.811
1989,5,30,0.00052258,40.246,29.782,35.014
1989,5,31,0.00052258,38.518,28.206,33.362
1989,6,1,0,38.322,28.695,33.508
1989,6,2,1.5952,37.714,26.688,32.201
1989,6,3,0.31263,35.931,27.962,31.946
1989,6,4,2.8724,37.435,28.116,32.775
1989,6,5,1.1648,36.943,26.49,31.717
1989,6,6,11.721,35.29,26.658,30.974
1989,6,7,0,34.645,25.638,30.142
1989,6,8,0.20853,34.353,25.712,30.033
1989,6,9,7.0355,35.038,26.264,30.651
1989,6,10,4.292,35.461,25.858,30.66
1989,6,11,20.511,34.482,26.721,30.601
1989,6,12,23.124,33.993,25.047,29.52
1989,6,13,9.2583,31.139,24.271,27.705
1989,6,14,16.633,28.55,23.647,26.099
1989,6,15,7.5824,29.761,24.616,27.188
1989,6,16,0.33689,31.641,25.366,28.504
1989,6,17,0.17539,32.359,26.151,29.255
1989,6,18,22.247,31.99,24.907,28.449
1989,6,19,4.9497,30.885,24.644,27.765
1989,6,20,5.2956,31.099,25.089,28.094
1989,6,21,3.7177,32.024,25.716,28.87
1989,6,22,0.016179,31.269,25.649,28.459
1989,6,23,2.9299,30.637,24.677,27.657
1989,6,24,0.83886,30.948,25.317,28.133
1989,6,25,3.0551,30.899,24.746,27.822
1989,6,26,1.2386,30.792,24.331,27.561
1989,6,27,29.35,27.879,23.536,25.708
1989,6,28,28.48,26.188,22.812,24.5
1989,6,29,1.2236,27.204,22.791,24.998
1989,6,30,3.1905,27.089,23.485,25.287
1989,7,1,4.6753,28.403,24.231,26.317
1989,7,2,13.568,28.439,23.517,25.978
1989,7,3,11.219,26.958,23.405,25.182
1989,7,4,37.887,28.079,23.702,25.891
1989,7,5,6.4777,29.475,24.926,27.2
1989,7,6,6.537,28.702,23.6,26.151
1989,7,7,1.8047,28.08,23.929,26.004
1989,7,8,0,28.922,24.184,26.553
1989,7,9,0,29.47,24.355,26.912
1989,7,10,0.2093,30.145,24.728,27.437
1989,7,11,3.3429,29.997,25.007,27.502
1989,7,12,7.6938,31.281,24.609,27.945
1989,7,13,18.488,29.202,24.068,26.635
1989,7,14,2.7925,28.979,24.301,26.64
1989,7,15,0,29.335,24.518,26.926
1989,7,16,0.073867,29.57,24.489,27.029
1989,7,17,10.037,29.188,24.229,26.709
1989,7,18,0.01056,29.755,24.585,27.17
1989,7,19,0.52972,29.711,24.691,27.201
1989,7,20,3.5922,30.066,25.603,27.835
1989,7,21,30.911,28.528,23.444,25.986
1989,7,22,7.4051,27.765,24.045,25.905
1989,7,23,4.5024,27.577,24.03,25.804
1989,7,24,0.0027036,27.081,22.967,25.024
1989,7,25,0,27.381,23.665,25.523
1989,7,26,41.391,28.59,24.441,26.515
1989,7,27,1.8439,29.056,24.123,26.59
1989,7,28,22.693,26.713,23.153,24.933
1989,7,29,3.5543,26.649,22.904,24.776
1989,7,30,0.35917,28.091,23.555,25.823
1989,7,31,0.19702,28.904,23.693,26.298
1989,8,1,0,28.681,23.998,26.34
1989,8,2,1.561,28.703,24.244,26.474
1989,8,3,2.4971,29.545,24.204,26.875
1989,8,4,15.189,29.851,24.565,27.208
1989,8,5,6.3633,28.423,23.544,25.983
1989,8,6,0.00034422,26.577,22.794,24.685
1989,8,7,5.399,26.635,23.158,24.896
1989,8,8,1.3967,27.183,22.973,25.078
1989,8,9,3.7176,28.322,23.306,25.814
1989,8,10,2.1114,28.371,23.653,26.012
1989,8,11,77.615,27.986,23.058,25.522
1989,8,12,61.607,26.149,22.407,24.278
1989,8,13,6.9383,26.584,22.831,24.707
1989,8,14,1.4106,27.177,23.274,25.226
1989,8,15,0.45206,28.402,23.664,26.033
1989,8,16,2.8113,28.677,23.599,26.138
1989,8,17,2.4043,27.859,23.215,25.537
1989,8,18,11.826,27.137,23,25.069
1989,8,19,1.2998,27.101,23.293,25.197
1989,8,20,1.4817,28.076,23.644,25.86
1989,8,21,0,29.041,23.753,26.397
1989,8,22,3.9141,28.221,23.476,25.849
1989,8,23,63.047,27.286,22.775,25.03
1989,8,24,5.908,27.533,23.079,25.306
1989,8,25,10.623,28.031,23.616,25.824
1989,8,26,19.501,27.94,23.655,25.798
1989,8,27,9.2635,28.323,23.688,26.005
1989,8,28,1.2125,28.283,23.746,26.015
1989,8,29,12.719,29.443,24.001,26.722
1989,8,30,40.036,29.29,23.105,26.198
1989,8,31,32.843,27.1,22.471,24.786
1989,9,1,0.28102,27.26,22.738,24.999
1989,9,2,0.20059,28.048,23.122,25.585
1989,9,3,0,29.162,23.811,26.487
1989,9,4,0,29.858,24.133,26.996
1989,9,5,0,30.129,23.665,26.897
1989,9,6,0,29.925,23.942,26.934
1989,9,7,0.019322,30.217,23.697,26.957
1989,9,8,0.58779,29.735,23.023,26.379
1989,9,9,20.409,29.512,23.297,26.405
1989,9,10,18.712,28.604,22.864,25.734
1989,9,11,53.865,27.845,22.904,25.374
1989,9,12,17.76,27.519,22.61,25.064
1989,9,13,19.361,28.048,22.901,25.475
1989,9,14,9.0946,28.529,23.06,25.794
1989,9,15,19.423,28.419,23.103,25.761
1989,9,16,0,30.423,23.881,27.152
1989,9,17,0.46688,30.627,23.451,27.039
1989,9,18,2.4542,30.221,23.592,26.906
1989,9,19,0,30.667,23.627,27.147
1989,9,20,0.90722,30.333,23.962,27.148
1989,9,21,0.8648,29.94,23.507,26.723
1989,9,22,12.859,29.969,23.17,26.57
1989,9,23,4.7953,30.376,23.496,26.936
1989,9,24,9.2856,30.336,23.366,26.851
1989,9,25,10.397,30.258,22.837,26.547
1989,9,26,0.47513,29.55,23.027,26.289
1989,9,27,16.491,29.043,21.703,25.373
1989,9,28,2.0713,28.726,22.006,25.366
1989,9,29,10.939,28.267,22.047,25.157
1989,9,30,3.6899e-06,28.99,22.315,25.653
1989,10,1,1.5215,29.034,22.054,25.544
1989,10,2,0.00033399,29.206,22.154,25.68
1989,10,3,0.0053788,29.862,22.355,26.109
1989,10,4,0.46088,30.478,22.666,26.572
1989,10,5,2.5371,30.969,22.132,26.55
1989,10,6,15.16,30.958,22.03,26.494
1989,10,7,0.01878,30.577,22.343,26.46
1989,10,8,0,30.817,22.365,26.591
1989,10,9,0,31.202,21.833,26.518
1989,10,10,0,31.579,22.101,26.84
1989,10,11,0,31.726,22.248,26.987
1989,10,12,0,31.572,22.082,26.827
1989,10,13,0,31.553,21.456,26.505
1989,10,14,0,31.347,21.428,26.388
1989,10,15,0,30.799,21.299,26.049
1989,10,16,0,30.887,21.167,26.027
1989,10,17,0,30.472,21.104,25.788
1989,10,18,0,30.192,19.453,24.823
1989,10,19,0,29.951,17.885,23.918
1989,10,20,0,29.763,17.488,23.626
1989,10,21,0,30.187,17.309,23.748
1989,10,22,0,29.497,17.64,23.569
1989,10,23,0,29.29,18.831,24.061
1989,10,24,0,29.688,20.159,24.923
1989,10,25,0,29.902,19.718,24.81
1989,10,26,0,29.788,20.803,25.295
1989,10,27,0,29.952,20.536,25.244
1989,10,28,0,30.181,20.266,25.224
1989,10,29,0,30.367,19.597,24.982
1989,10,30,0,29.577,19.167,24.372
1989,10,31,0,28.889,18.376,23.632
1989,11,1,0.12459,29.295,18.473,23.884
1989,11,2,0.0045941,29.261,18.334,23.798
1989,11,3,0.81944,29.106,17.212,23.159
1989,11,4,0.22198,28.771,16.471,22.621
1989,11,5,0,29.587,16.134,22.861
1989,11,6,0.0012061,28.941,15.619,22.28
1989,11,7,0.54163,29.102,15.566,22.334
1989,11,8,0.0072631,29.321,17.942,23.632
1989,11,9,0,28.281,18.111,23.196
1989,11,10,0,28.087,17.482,22.785
1989,11,11,0,28.076,17.121,22.598
1989,11,12,0,28.08,17.748,22.914
1989,11,13,0.11884,27.383,18.807,23.095
1989,11,14,0.09903,26.953,19.171,23.062
1989,11,15,0,28.234,17.795,23.015
1989,11,16,0,29.242,17.214,23.228
1989,11,17,0,29.348,16.947,23.147
1989,11,18,0,29.333,17.265,23.299
1989,11,19,0,29.52,16.76,23.14
1989,11,20,0,29.417,17.43,23.424
1989,11,21,0,29.003,16.652,22.827
1989,11,22,0,28.606,15.262,21.934
1989,11,23,0,28.329,15.54,21.934
1989,11,24,0,28.453,15.938,22.195
1989,11,25,0,28.469,16.415,22.442
1989,11,26,0,28.043,16.072,22.058
1989,11,27,0,28.183,15.914,22.049
1989,11,28,0,28.439,16.069,22.254
1989,11,29,0,27.812,16.385,22.098
1989,11,30,0,27.207,16.287,21.747
1989,12,1,0,27.247,15.854,21.551
1989,12,2,0,27.09,15.534,21.312
1989,12,3,0,26.472,14.628,20.55
1989,12,4,0,26.564,14.06,20.312
1989,12,5,0,26.159,13.485,19.822
1989,12,6,0,25.615,12.481,19.048
1989,12,7,0,25.137,11.604,18.37
1989,12,8,0,24.941,10.913,17.927
1989,12,9,0,24.974,11.479,18.226
1989,12,10,0,25.361,12.288,18.825
1989,12,11,0,25.444,12.953,19.198
1989,12,12,0,25.564,12.739,19.151
1989,12,13,0,25.214,12.813,19.014
1989,12,14,0.30449,25.332,12.316,18.824
1989,12,15,0,24.503,12.272,18.387
1989,12,16,0,23.518,10.981,17.249
1989,12,17,0,23.425,10.875,17.15
1989,12,18,0,24.35,11.744,18.047
1989,12,19,0,24.718,12.579,18.649
1989,12,20,0,25.395,13.322,19.358
1989,12,21,0,25.409,14.05,19.73
1989,12,22,0,25.982,14.592,20.287
1989,12,23,0,26.049,15.018,20.534
1989,12,24,0.19129,26.193,15.849,21.021
1989,12,25,0.015262,24.685,15.507,20.096
1989,12,26,0.023461,24.863,15.781,20.322
1989,12,27,0.0025828,24.7,16.212,20.456
1989,12,28,0,23.721,15.983,19.852
1989,12,29,2.7806,23.038,16.187,19.612
1989,12,30,0.38671,24.319,15.713,20.016
1989,12,31,0.26676,24.09,16.72,20.405
1990,1,1,0.17951,23.637,15.653,19.645
1990,1,2,0,26.374,15.958,21.166
1990,1,3,0,26.196,15.456,20.826
1990,1,4,0,26.531,15.14,20.836
1990,1,5,0,26.733,14.023,20.378
1990,1,6,0,26.597,13.501,20.049
1990,1,7,0,27.019,13.944,20.482
1990,1,8,0,27.176,13.788,20.482
1990,1,9,0,27.145,15.013,21.079
1990,1,10,0,27.589,14.302,20.946
1990,1,11,0.21209,26.811,12.903,19.857
1990,1,12,0,27.278,12.641,19.96
1990,1,13,0,27.487,12.389,19.938
1990,1,14,0,28.128,12.652,20.39
1990,1,15,0,28.716,13.4,21.058
1990,1,16,0.082498,28.106,12.813,20.46
1990,1,17,0,27.619,12.29,19.955
1990,1,18,0,28.201,12.118,20.159
1990,1,19,0,29.123,13.294,21.209
1990,1,20,0,29.133,13.468,21.301
1990,1,21,0,29.24,13.725,21.483
1990,1,22,0,28.898,13.552,21.225
1990,1,23,0,28.78,13.598,21.189
1990,1,24,0,29.068,14.362,21.715
1990,1,25,0,29.668,13.731,21.7
1990,1,26,0,28.388,12.824,20.606
1990,1,27,0,28.287,12.264,20.275
1990,1,28,0,29.057,13.053,21.055
1990,1,29,0,29.972,14.172,22.072
1990,1,30,0,29.752,14.621,22.186
1990,1,31,0,30.202,14.582,22.392
1990,2,1,0,30.807,15.213,23.01
1990,2,2,0,30.504,15.957,23.231
1990,2,3,0,30.047,15.201,22.624
1990,2,4,0,30.382,15.453,22.917
1990,2,5,0,30.241,16.265,23.253
1990,2,6,0,29.95,15.964,22.957
1990,2,7,0,30.207,16.131,23.169
1990,2,8,0,30.233,16.268,23.25
1990,2,9,0,30.468,17.145,23.806
1990,2,10,0.16964,30.821,17.661,24.241
1990,2,11,0,29.565,15.643,22.604
1990,2,12,0,30.139,16.319,23.229
1990,2,13,0,30.983,17.32,24.151
1990,2,14,4.6114,31.166,17.252,24.209
1990,2,15,3.6814,28.507,17.068,22.788
1990,2,16,0.86012,26.002,16.285,21.143
1990,2,17,0.27573,28.093,18.119,23.106
1990,2,18,3.7116,29.004,18.469,23.737
1990,2,19,0.11811,28.636,16.499,22.567
1990,2,20,0.070001,28.861,16.164,22.512
1990,2,21,6.1348,28.156,16.108,22.132
1990,2,22,0.13652,27.962,15.129,21.545
1990,2,23,0,28.092,15.472,21.782
1990,2,24,0,29.119,17.557,23.338
1990,2,25,0.67992,29.177,18.694,23.935
1990,2,26,0.14412,29.764,16.578,23.171
1990,2,27,0,30.101,16.571,23.336
1990,2,28,0,31.863,17.584,24.723
1990,3,1,0,31.879,20.737,26.308
1990,3,2,0.28704,30.225,19.417,24.821
1990,3,3,2.7852,29.849,19.053,24.451
1990,3,4,1.3717,29.593,18.752,24.173
1990,3,5,0.020494,30.6,18.726,24.663
1990,3,6,0.054227,31.495,20.241,25.868
1990,3,7,3.7017,29.779,18.23,24.005
1990,3,8,0.061482,30.409,18.566,24.487
1990,3,9,0,30.712,18.669,24.69
1990,3,10,6.6095,30.789,19.429,25.109
1990,3,11,0.92722,30.462,19.663,25.063
1990,3,12,2.3072,28.37,17.276,22.823
1990,3,13,0.14591,30.252,19.099,24.676
1990,3,14,0.78889,30.68,17.334,24.007
1990,3,15,0,31.318,17.615,24.467
1990,3,16,0,32.97,18.232,25.601
1990,3,17,0.028691,32.361,19.386,25.874
1990,3,18,0,32.449,20.269,26.359
1990,3,19,0,32.929,20.44,26.685
1990,3,20,0.049186,33.369,20.795,27.082
1990,3,21,0,34.37,21.83,28.1
1990,3,22,0,35.117,22.202,28.659
1990,3,23,0,35.371,22.948,29.159
1990,3,24,0,34.567,21.131,27.849
1990,3,25,0.22146,32.621,19.985,26.303
1990,3,26,0.29473,32.458,18.961,25.709
1990,3,27,0.061482,33.721,20.352,27.037
1990,3,28,0.030741,33.834,20.844,27.339
1990,3,29,0.040988,34.075,21.936,28.006
1990,3,30,0,33.903,21.355,27.629
1990,3,31,8.0813,34.163,20.973,27.568
1990,4,1,0,34.578,21.798,28.188
1990,4,2,0,33.852,21.132,27.492
1990,4,3,0.00022525,34.238,21.535,27.887
1990,4,4,0.0036515,33.325,20.461,26.893
1990,4,5,0,33.703,20.069,26.886
1990,4,6,0.017988,34.05,21.512,27.781
1990,4,7,1.5268,33.82,20.756,27.288
1990,4,8,0,33.418,22.025,27.722
1990,4,9,0.00022525,34.568,22.335,28.452
1990,4,10,0,35.361,22.471,28.916
1990,4,11,0,36.317,23.108,29.713
1990,4,12,0,37.149,24.278,30.713
1990,4,13,0,37.334,25.422,31.378
1990,4,14,0,37.934,25.055,31.495
1990,4,15,0,37.53,23.994,30.762
1990,4,16,0.054831,37.943,24.17,31.057
1990,4,17,0.55523,37.554,23.92,30.737
1990,4,18,0.8937,36.961,24.073,30.517
1990,4,19,0.081218,38.262,24.49,31.376
1990,4,20,0,39.305,25.291,32.298
1990,4,21,0,39.715,25.793,32.754
1990,4,22,0,39.33,25.898,32.614
1990,4,23,0,39.719,25.535,32.627
1990,4,24,0,39.882,25.601,32.742
1990,4,25,0.0034412,39.828,25.602,32.715
1990,4,26,0,39.435,26.11,32.773
1990,4,27,0.00011262,39.111,26.256,32.683
1990,4,28,0.00016893,38.962,26.887,32.924
1990,4,29,0.88088,37.488,25.977,31.733
1990,4,30,7.1521,36.302,22.816,29.559
1990,5,1,5.51,35.06,22.264,28.662
1990,5,2,0.014449,34.854,23.744,29.299
1990,5,3,0.17146,36.342,24.791,30.566
1990,5,4,5.96,36.41,24.623,30.516
1990,5,5,1.9869,35.7,23.237,29.468
1990,5,6,0,34.751,23.489,29.12
1990,5,7,0,35.007,24.224,29.616
1990,5,8,4.8458,34.465,23.493,28.979
1990,5,9,0,33.976,24.318,29.147
1990,5,10,1.4619,32.644,24.145,28.394
1990,5,11,57.339,29.635,22.168,25.901
1990,5,12,10.935,28.357,22.141,25.249
1990,5,13,36.781,28.328,22.017,25.172
1990,5,14,3.5557,28.355,21.506,24.931
1990,5,15,1.8039,31.492,23.151,27.322
1990,5,16,0.080769,32.571,23.453,28.012
1990,5,17,0.75831,34.546,24.61,29.578
1990,5,18,1.6361,34.513,24.009,29.261
1990,5,19,4.0932,33.875,24.082,28.978
1990,5,20,0,34.135,24.32,29.227
1990,5,21,0.0073983,33.325,25.159,29.242
1990,5,22,0,35.56,25.265,30.412
1990,5,23,0,36.624,25.921,31.272
1990,5,24,0.15173,36.76,25.748,31.254
1990,5,25,0,36.192,25.927,31.059
1990,5,26,0.0083909,34.788,25.927,30.358
1990,5,27,0,35.495,25.891,30.693
1990,5,28,0.010248,36.009,26.185,31.097
1990,5,29,15.682,36.057,26.293,31.175
1990,5,30,40.793,35.352,25.294,30.323
1990,5,31,0.418,34.415,25.36,29.888
1990,6,1,0.14695,34.119,25.591,29.855
1990,6,2,0.1394,33.171,25.789,29.48
1990,6,3,0.39176,34.156,26.197,30.177
1990,6,4,22.284,33.039,24.24,28.639
1990,6,5,5.9054,31.903,25.095,28.499
1990,6,6,9.4721,33.131,25.179,29.155
1990,6,7,0.14446,32.415,25.07,28.743
1990,6,8,3.1694,34.735,26.535,30.635
1990,6,9,1.6107,34.386,25.33,29.858
1990,6,10,3.2322,31.304,23.753,27.529
1990,6,11,0,31.646,24.57,28.108
1990,6,12,4.9198,32.636,24.542,28.589
1990,6,13,20.508,31.144,24.79,27.967
1990,6,14,21.105,30.574,23.915,27.245
1990,6,15,31.118,30.245,23.912,27.078
1990,6,16,1.5316,28.543,23.01,25.776
1990,6,17,1.4286,27.135,22.69,24.913
1990,6,18,1.0092,26.801,23.316,25.059
1990,6,19,27.293,28.036,23.893,25.965
1990,6,20,0,28.897,23.687,26.292
1990,6,21,1.8736,28.449,23.468,25.958
1990,6,22,20.062,27.841,23.655,25.748
1990,6,23,0.38208,29.088,24.264,26.676
1990,6,24,5.8937,29.675,24.368,27.022
1990,6,25,12.719,28.641,23.545,26.093
1990,6,26,0.79095,27.616,23.119,25.368
1990,6,27,1.6275,28.971,23.824,26.397
1990,6,28,14.604,28.495,23.796,26.145
1990,6,29,18.117,28.912,23.888,26.4
1990,6,30,0.12473,29.915,24.123,27.019
1990,7,1,9.6328,29.513,24.003,26.758
1990,7,2,11.935,28.515,23.512,26.013
1990,7,3,4.7255,27.462,22.983,25.223
1990,7,4,0.26598,27.091,22.961,25.026
1990,7,5,1.7573,27.878,23.517,25.698
1990,7,6,3.9906,29.288,24.135,26.711
1990,7,7,1.7514,28.523,23.485,26.004
1990,7,8,6.5665,27.922,23.041,25.481
1990,7,9,11.072,28.659,23.121,25.89
1990,7,10,3.6557,28.478,23.793,26.135
1990,7,11,2.968,28.368,23.49,25.929
1990,7,12,47.165,27.189,22.663,24.926
1990,7,13,4.7728,26.673,22.998,24.835
1990,7,14,18.732,27.802,22.994,25.398
1990,7,15,10.678,26.405,22.499,24.452
1990,7,16,2.3055,26.128,22.4,24.264
1990,7,17,13.27,27.668,22.622,25.145
1990,7,18,24.434,28.362,23.009,25.685
1990,7,19,5.4581,27.694,22.582,25.138
1990,7,20,24.744,27.153,23.229,25.191
1990,7,21,14.779,26.148,22.234,24.191
1990,7,22,0.53729,25.616,22.154,23.885
1990,7,23,41.427,27.303,22.774,25.038
1990,7,24,6.0892,25.716,21.98,23.848
1990,7,25,0.97839,26.815,22.634,24.724
1990,7,26,12.086,27.602,22.993,25.297
1990,7,27,0.19493,28.602,23.624,26.113
1990,7,28,1.1367,28.636,23.822,26.229
1990,7,29,0.018811,29.159,23.44,26.3
1990,7,30,1.0339,29.485,24.118,26.802
1990,7,31,0.33719,29.873,24.228,27.051
1990,8,1,1.0074,29.805,23.794,26.799
1990,8,2,0.79809,29.427,24.095,26.761
1990,8,3,3.2298,29.594,23.834,26.714
1990,8,4,2.9273,30.276,24.303,27.289
1990,8,5,4.3196,30.298,24.897,27.598
1990,8,6,2.2458,30.469,24.507,27.488
1990,8,7,10.782,29.621,23.581,26.601
1990,8,8,10.346,29.531,23.33,26.431
1990,8,9,0.44283,29.389,23.476,26.432
1990,8,10,2.564,30.308,23.573,26.94
1990,8,11,0.24483,30.49,24.701,27.596
1990,8,12,4.1876,30.742,23.806,27.274
1990,8,13,17.133,28.915,23.249,26.082
1990,8,14,39.937,27.612,23.175,25.393
1990,8,15,9.7377,27.28,22.942,25.111
1990,8,16,32.269,27.011,23.137,25.074
1990,8,17,0.21332,27.165,22.949,25.057
1990,8,18,4.6025,26.793,22.873,24.833
1990,8,19,36.329,27.586,23.326,25.456
1990,8,20,13.965,27.462,23.027,25.244
1990,8,21,31.44,27.776,23.096,25.436
1990,8,22,103.38,27.64,22.52,25.08
1990,8,23,5.3534,26.562,22.651,24.606
1990,8,24,0.052735,28.441,22.834,25.638
1990,8,25,0.0064813,30.166,23.631,26.899
1990,8,26,0.27416,29.888,24.362,27.125
1990,8,27,3.1744,29.357,24.157,26.757
1990,8,28,35.085,28.18,23.155,25.668
1990,8,29,61.957,26.571,22.628,24.6
1990,8,30,39.976,26.917,22.474,24.695
1990,8,31,21.39,27.272,22.543,24.907
1990,9,1,0.093852,28.361,23.524,25.943
1990,9,2,12.715,29.293,23.559,26.426
1990,9,3,70.052,27.769,22.775,25.272
1990,9,4,75.821,26.463,22.072,24.268
1990,9,5,25.519,25.82,21.635,23.728
1990,9,6,0.34036,27.046,21.639,24.342
1990,9,7,0.25739,28.149,22.25,25.2
1990,9,8,0.024314,28.473,22.824,25.648
1990,9,9,0.015331,29.102,23.092,26.097
1990,9,10,5.4517,29.508,23.489,26.498
1990,9,11,14.171,29.755,23.437,26.596
1990,9,12,32.23,28.574,22.46,25.517
1990,9,13,46.617,27.667,22.141,24.904
1990,9,14,45.741,28.307,22.684,25.495
1990,9,15,0.068743,28.542,22.92,25.731
1990,9,16,0,29.876,23.08,26.478
1990,9,17,0.0039186,30.14,23.042,26.591
1990,9,18,0.032897,30.73,23.13,26.93
1990,9,19,0.05111,30.265,22.601,26.433
1990,9,20,0.19085,29.641,22.1,25.871
1990,9,21,0.76889,30.134,22.693,26.413
1990,9,22,0.12445,31.401,23.345,27.373
1990,9,23,0.17219,31.284,23.096,27.19
1990,9,24,3.191,30.616,22.702,26.659
1990,9,25,3.1387,30.44,22.921,26.681
1990,9,26,0,30.646,22.506,26.576
1990,9,27,2.3189,30.73,23.073,26.901
1990,9,28,0.2223,31.146,22.781,26.964
1990,9,29,11.747,30.237,21.915,26.076
1990,9,30,3.6132,29,21.987,25.493
1990,10,1,30.226,29.086,21.481,25.284
1990,10,2,14.865,27.99,21.032,24.511
1990,10,3,78.153,27.966,21.653,24.81
1990,10,4,81.207,27.125,21.532,24.328
1990,10,5,52.174,27.605,21.383,24.494
1990,10,6,20.196,28.553,21.771,25.162
1990,10,7,10.823,28.035,21.888,24.961
1990,10,8,0.19855,29.211,22.773,25.992
1990,10,9,0,30.374,22.728,26.551
1990,10,10,0.084857,29.633,21.584,25.608
1990,10,11,3.5468,28.984,21.617,25.301
1990,10,12,23.229,28.188,21.056,24.622
1990,10,13,0.75578,28.155,21.011,24.583
1990,10,14,45.496,28.344,20.879,24.611
1990,10,15,1.3315,29.084,20.691,24.888
1990,10,16,1.3104,28.68,18.667,23.674
1990,10,17,0,28.938,18.4,23.669
1990,10,18,0,29.159,18.213,23.686
1990,10,19,0,29.277,18.441,23.859
1990,10,20,0,29.152,18.658,23.905
1990,10,21,0,29.371,19.08,24.226
1990,10,22,0,29.406,18.918,24.162
1990,10,23,0,28.846,19.499,24.172
1990,10,24,0.081415,26.937,19.377,23.157
1990,10,25,0,26.023,18.663,22.343
1990,10,26,0.077205,25.794,18.074,21.934
1990,10,27,0,27.467,19.476,23.471
1990,10,28,0,27.511,19.568,23.539
1990,10,29,0.00089966,28.541,19.213,23.877
1990,10,30,0.10523,28.94,19.494,24.217
1990,10,31,0,28.978,18.76,23.869
1990,11,1,1.4535,28.627,17.508,23.067
1990,11,2,0.0073348,27.104,16.342,21.723
1990,11,3,0.40487,26.085,17.401,21.743
1990,11,4,1.3864,25.022,19.113,22.067
1990,11,5,33.358,26.494,20.246,23.37
1990,11,6,18.119,27.345,20.42,23.882
1990,11,7,2.8467,27.743,19.822,23.783
1990,11,8,4.2021,28.365,17.608,22.986
1990,11,9,0.1396,28.029,15.837,21.933
1990,11,10,0.052738,27.854,15.069,21.462
1990,11,11,0.08244,27.549,14.574,21.062
1990,11,12,0.97141,26.74,15.005,20.873
1990,11,13,0.65006,27.97,18.068,23.019
1990,11,14,0.0064293,28.713,19.579,24.146
1990,11,15,0,28.637,20.08,24.358
1990,11,16,0,29.528,19.217,24.372
1990,11,17,0,29.558,18.699,24.129
1990,11,18,0,29.18,17.527,23.354
1990,11,19,0,28.735,16.438,22.587
1990,11,20,0,27.862,16.049,21.955
1990,11,21,0,27.29,15.407,21.348
1990,11,22,0,27.143,16.889,22.016
1990,11,23,0.00060757,27.459,18.047,22.753
1990,11,24,0,27.539,19.309,23.424
1990,11,25,0,27.969,19.302,23.635
1990,11,26,0,28.739,19.324,24.031
1990,11,27,0,28.549,18.129,23.339
1990,11,28,0,28.522,17.263,22.893
1990,11,29,0,29.207,17.528,23.367
1990,11,30,0,28.351,16.431,22.391
1990,12,1,0,28.257,15.097,21.677
1990,12,2,0,28.305,15.81,22.057
1990,12,3,0,28.074,16.657,22.366
1990,12,4,0,27.929,16.777,22.353
1990,12,5,0,27.708,17.017,22.363
1990,12,6,0,26.005,17.074,21.539
1990,12,7,0,27.567,16.321,21.944
1990,12,8,0,27.913,16.923,22.418
1990,12,9,0,27.462,16.807,22.134
1990,12,10,0,26.246,16.434,21.34
1990,12,11,0.050327,25.252,15.505,20.379
1990,12,12,0.25714,25.988,14.853,20.42
1990,12,13,0,25.565,13.786,19.675
1990,12,14,0,25.293,12.448,18.87
1990,12,15,0,24.967,12.614,18.791
1990,12,16,0,24.949,12.642,18.796
1990,12,17,0,25.546,14.37,19.958
1990,12,18,1.0354,25.643,15.956,20.8
1990,12,19,0,25.5,15.309,20.405
1990,12,20,0,25.801,14.78,20.291
1990,12,21,0,25.757,14.309,20.033
1990,12,22,0,25.844,13.643,19.744
1990,12,23,0,25.27,12.635,18.953
1990,12,24,0,25.459,11.892,18.675
1990,12,25,0,24.942,11.178,18.06
1990,12,26,0,25.365,10.965,18.165
1990,12,27,0,26.156,10.741,18.448
1990,12,28,0,25.919,10.914,18.416
1990,12,29,0,26.056,11.414,18.735
1990,12,30,0,25.864,12.684,19.274
1990,12,31,0,25.991,14.75,20.37
1991,1,1,0.56289,26.099,15.652,20.875
1991,1,2,0,24.005,13.267,18.636
1991,1,3,0,22.987,10.051,16.519
1991,1,4,0,21.744,9.2555,15.5
1991,1,5,0.041251,22.72,9.8545,16.287
1991,1,6,0,24.12,12.461,18.291
1991,1,7,0,24.701,13.043,18.872
1991,1,8,0,24.686,15.137,19.912
1991,1,9,0,25.841,15.845,20.843
1991,1,10,0.065876,26.037,15.808,20.923
1991,1,11,0,25.883,16.277,21.08
1991,1,12,0,26.312,16.902,21.607
1991,1,13,0.064618,26.515,15.872,21.193
1991,1,14,0,25.213,14.477,19.845
1991,1,15,0,24.711,14.055,19.383
1991,1,16,0,23.616,14.744,19.18
1991,1,17,0,24.204,14.368,19.286
1991,1,18,0,26.197,15.667,20.932
1991,1,19,0.057415,25.72,16.809,21.264
1991,1,20,0,24.21,14.627,19.419
1991,1,21,0,25.56,13.068,19.314
1991,1,22,0,26.127,13.517,19.822
1991,1,23,0,27.538,14.403,20.97
1991,1,24,0.10093,27.604,14.243,20.923
1991,1,25,0,28.126,14.22,21.173
1991,1,26,0,28.331,14.684,21.508
1991,1,27,0,28.668,14.694,21.681
1991,1,28,0,29.003,14.86,21.932
1991,1,29,0,29.035,14.552,21.793
1991,1,30,0,28.724,14.431,21.577
1991,1,31,0,29.412,15.08,22.246
1991,2,1,0,29.647,16.096,22.871
1991,2,2,0,29.492,15.884,22.688
1991,2,3,0,29.213,15.324,22.269
1991,2,4,0,28.227,14.091,21.159
1991,2,5,0,28.191,13.852,21.022
1991,2,6,0,28.797,15.548,22.173
1991,2,7,0,28.996,16.196,22.596
1991,2,8,0,29.792,16.877,23.335
1991,2,9,0,30.406,16.812,23.609
1991,2,10,0,31.229,16.556,23.893
1991,2,11,0,31.81,17.161,24.486
1991,2,12,0,32.158,18.019,25.089
1991,2,13,0,31.69,17.203,24.446
1991,2,14,0,31.769,17.001,24.385
1991,2,15,0.053896,32.083,17.491,24.787
1991,2,16,0.96943,31.957,17.37,24.664
1991,2,17,0,31.959,18.193,25.076
1991,2,18,0,32.029,18.729,25.379
1991,2,19,0,30.802,17.355,24.078
1991,2,20,0,31.513,17.913,24.713
1991,2,21,0.08812,32.146,17.829,24.987
1991,2,22,0,32.72,17.358,25.039
1991,2,23,0,33.1,17.769,25.435
1991,2,24,1.2101e-06,33.314,17.335,25.325
1991,2,25,0,33.136,17.932,25.534
1991,2,26,0,32.931,18.45,25.69
1991,2,27,0.048938,32.177,18.025,25.101
1991,2,28,0,31.38,18.756,25.068
1991,3,1,0,31.059,18.322,24.69
1991,3,2,0.27452,30.544,18.292,24.418
1991,3,3,0.45978,31.655,19.331,25.493
1991,3,4,0.21463,32.485,19.397,25.941
1991,3,5,0.35312,30.186,19.103,24.644
1991,3,6,11.087,31.065,19.323,25.194
1991,3,7,0,32.153,19.587,25.87
1991,3,8,0.017383,32.516,20.319,26.417
1991,3,9,0.54456,32.439,21.07,26.754
1991,3,10,0.0043973,33.324,21.195,27.26
1991,3,11,0.37921,33.976,20.638,27.307
1991,3,12,5.3661,33.572,20.402,26.987
1991,3,13,0,34.52,20.528,27.524
1991,3,14,0,34.525,21.03,27.777
1991,3,15,0,34.331,20.959,27.645
1991,3,16,0,33.907,21.151,27.529
1991,3,17,0,34.306,20.772,27.539
1991,3,18,0,35.146,21.48,28.313
1991,3,19,0,36.336,22.575,29.455
1991,3,20,0,36.607,22.017,29.312
1991,3,21,0,36.78,22.413,29.597
1991,3,22,0.25016,35.695,21.725,28.71
1991,3,23,0,33.727,21.382,27.554
1991,3,24,0,35.219,20.848,28.034
1991,3,25,0,34.395,19.777,27.086
1991,3,26,0,34.215,20.252,27.233
1991,3,27,0,34.788,21.022,27.905
1991,3,28,0,35.659,21.647,28.653
1991,3,29,0,36.497,21.555,29.026
1991,3,30,0,37.098,21.549,29.323
1991,3,31,0,37.934,22.849,30.391
1991,4,1,0.00035176,38.042,23.759,30.9
1991,4,2,3.5697,37.422,24.267,30.844
1991,4,3,3.701,36.659,23.275,29.967
1991,4,4,2.3724,35.884,22.022,28.953
1991,4,5,0.0016929,34.246,23.26,28.753
1991,4,6,0.67883,34.663,21.727,28.195
1991,4,7,0.010393,32.976,20.522,26.749
1991,4,8,0,33.701,20.849,27.275
1991,4,9,0.0010425,35.024,21.716,28.37
1991,4,10,0.77522,35.587,22.775,29.181
1991,4,11,0.12034,35.852,22.114,28.983
1991,4,12,0.0094405,35.765,22.937,29.351
1991,4,13,0.19991,36.054,24.553,30.304
1991,4,14,0,36.185,25.019,30.602
1991,4,15,0.032034,37.125,25.706,31.415
1991,4,16,0,38.333,25.952,32.143
1991,4,17,2.3405,38.451,25.9,32.175
1991,4,18,0,37.658,24.509,31.084
1991,4,19,0,37.191,24.01,30.601
1991,4,20,0,37.628,24.141,30.884
1991,4,21,0,37.502,24.578,31.04
1991,4,22,0.0044054,38.141,25.628,31.884
1991,4,23,3.4704,38.103,25.337,31.72
1991,4,24,0.0067766,38.138,25.951,32.044
1991,4,25,0.01208,37.884,26.54,32.212
1991,4,26,0,37.459,25.664,31.561
1991,4,27,0,36.931,24.841,30.886
1991,4,28,0,37.819,25.522,31.67
1991,4,29,0,38.392,25.298,31.845
1991,4,30,0,39.454,26.217,32.836
1991,5,1,0,40.617,27.554,34.085
1991,5,2,0,41.036,28.201,34.618
1991,5,3,0,40.001,26.895,33.448
1991,5,4,0,40.471,27.113,33.792
1991,5,5,0,39.353,27.719,33.536
1991,5,6,61.625,39.043,27.613,33.328
1991,5,7,0,39.881,28.039,33.96
1991,5,8,0,40.847,28.18,34.513
1991,5,9,0,40.722,28.99,34.856
1991,5,10,0,41.115,29.193,35.154
1991,5,11,0.0084915,40.18,26.362,33.271
1991,5,12,0,35.927,25.631,30.779
1991,5,13,0,38.175,26.643,32.409
1991,5,14,0,38.641,26.838,32.739
1991,5,15,0,39.115,27.21,33.162
1991,5,16,0.59624,39.292,26.884,33.088
1991,5,17,0.18864,39.307,27.661,33.484
1991,5,18,0,38.33,27.385,32.857
1991,5,19,0.3698,39.238,27.608,33.423
1991,5,20,0.02822,39.457,28.23,33.844
1991,5,21,0,39.513,27.884,33.699
1991,5,22,0.12475,38.852,25.697,32.275
1991,5,23,0.13737,36.135,25.793,30.964
1991,5,24,0,38.78,28.281,33.53
1991,5,25,0.039428,39.481,28.76,34.121
1991,5,26,0.0041315,40.489,29.63,35.06
1991,5,27,0.044201,40.019,26.513,33.266
1991,5,28,0.81936,35.994,27.164,31.579
1991,5,29,0.26878,39.104,29.21,34.157
1991,5,30,3.3222,39.029,25.826,32.428
1991,5,31,0,38.123,27.58,32.851
1991,6,1,2.6288,37.752,25.029,31.39
1991,6,2,0,36.034,26.717,31.376
1991,6,3,0.42735,37.278,26.696,31.987
1991,6,4,0,36.756,27.242,31.999
1991,6,5,0,36.27,27.059,31.664
1991,6,6,3.6058,35.171,26.175,30.673
1991,6,7,21.463,32.933,25.358,29.145
1991,6,8,0.20544,33.232,25.187,29.209
1991,6,9,0.36797,32.133,25.321,28.727
1991,6,10,0.16652,31.347,24.426,27.886
1991,6,11,4.4223,29.766,23.567,26.666
1991,6,12,28.391,29.056,24.069,26.563
1991,6,13,15.8,28.702,23.36,26.031
1991,6,14,0.083809,29.482,23.915,26.698
1991,6,15,2.3918,31.342,24.66,28.001
1991,6,16,14.782,32.369,25.229,28.799
1991,6,17,1.1452,32.277,25.623,28.95
1991,6,18,0.05423,32.773,26.539,29.656
1991,6,19,16.082,33.201,24.934,29.067
1991,6,20,0.8602,32.117,24.376,28.247
1991,6,21,1.3082,31.096,24.784,27.94
1991,6,22,6.8366,32.203,25.996,29.1
1991,6,23,0.72737,32.325,25.561,28.943
1991,6,24,1.6078,29.901,24.275,27.088
1991,6,25,13.473,31.374,25.012,28.193
1991,6,26,0.80754,31.671,25.2,28.435
1991,6,27,3.9114,31.746,25.441,28.594
1991,6,28,3.8426,31.907,24.655,28.281
1991,6,29,2.392,31.199,25.044,28.121
1991,6,30,2.9832,30.296,24.279,27.288
1991,7,1,7.6607,28.284,23.79,26.037
1991,7,2,0.16951,29.237,24.13,26.684
1991,7,3,0,30.968,25.185,28.076
1991,7,4,0.0073922,30.854,24.803,27.829
1991,7,5,1.4794,28.999,24.003,26.501
1991,7,6,2.8764,28.746,23.907,26.327
1991,7,7,3.4358,29.038,23.838,26.438
1991,7,8,57.805,29.411,23.578,26.494
1991,7,9,10.369,29.279,23.84,26.56
1991,7,10,4.2341,30.157,24.191,27.174
1991,7,11,0.21278,29.762,24.546,27.154
1991,7,12,4.7484,28.873,23.849,26.361
1991,7,13,6.044,29.339,24.08,26.709
1991,7,14,1.4307,29.252,24.492,26.872
1991,7,15,3.2357,29.371,24.714,27.042
1991,7,16,67.681,28.551,23.475,26.013
1991,7,17,76.675,26.741,22.781,24.761
1991,7,18,6.8236,25.946,22.909,24.428
1991,7,19,0.24176,28.427,23.762,26.095
1991,7,20,0.16558,28.597,24.499,26.548
1991,7,21,1.9916,27.915,24.08,25.997
1991,7,22,0.5,28.691,24.443,26.567
1991,7,23,0.030239,28.78,24.166,26.473
1991,7,24,0.43349,27.549,23.921,25.735
1991,7,25,0.91608,28.654,23.988,26.321
1991,7,26,2.0409,28.572,23.842,26.207
1991,7,27,0.017649,28.288,23.91,26.099
1991,7,28,93.187,28.724,24.131,26.428
1991,7,29,98.044,27.457,23.188,25.323
1991,7,30,30.827,26.266,23.262,24.764
1991,7,31,0.32805,27.304,23.591,25.448
1991,8,1,1.2534,29.127,24.075,26.601
1991,8,2,0.75083,30.011,25.053,27.532
1991,8,3,1.481,29.591,24.441,27.016
1991,8,4,15.113,29.331,23.843,26.587
1991,8,5,15.287,27.161,23.206,25.184
1991,8,6,3.8242,26.03,22.567,24.299
1991,8,7,13.945,26.874,23.639,25.256
1991,8,8,21.555,27.077,23.134,25.105
1991,8,9,0.33372,27.937,23.034,25.486
1991,8,10,0.98196,28.515,23.386,25.95
1991,8,11,26.822,28.022,23.424,25.723
1991,8,12,51.417,26.56,22.762,24.661
1991,8,13,20.643,25.91,22.852,24.381
1991,8,14,9.4954,25.339,22.095,23.717
1991,8,15,45.649,26.412,22.821,24.617
1991,8,16,0.33318,25.967,22.324,24.146
1991,8,17,0.7721,25.596,22.791,24.193
1991,8,18,0.17692,26.644,23.537,25.09
1991,8,19,0.41331,27.24,23.77,25.505
1991,8,20,0.39882,29.051,24.014,26.532
1991,8,21,0.13028,29.469,24.003,26.736
1991,8,22,42.794,29.153,23.928,26.541
1991,8,23,46.909,27.416,23.089,25.252
1991,8,24,1.0028,27.864,22.947,25.406
1991,8,25,0.72686,30.017,23.686,26.851
1991,8,26,0.21029,28.642,23.526,26.084
1991,8,27,5.4311,28.717,23.661,26.189
1991,8,28,13.724,27.882,23.148,25.515
1991,8,29,2.0046,27.834,23.176,25.505
1991,8,30,1.9956,27.548,22.806,25.177
1991,8,31,0.36825,28.85,23.041,25.946
1991,9,1,0.20429,29.144,23.961,26.553
1991,9,2,1.8973,29.936,23.609,26.772
1991,9,3,0.32376,29.939,23.778,26.859
1991,9,4,0.52177,29.842,23.691,26.767
1991,9,5,0,30.508,24.273,27.39
1991,9,6,4.1034,29.502,23.555,26.529
1991,9,7,0.80819,29.453,23.695,26.574
1991,9,8,1.0825,29.462,23.533,26.497
1991,9,9,0.78677,29.382,23.57,26.476
1991,9,10,3.3651,29.459,23.146,26.303
1991,9,11,2.9743,29.941,23.265,26.603
1991,9,12,0.48257,30.318,23.423,26.871
1991,9,13,4.4923,30.136,23.317,26.727
1991,9,14,1.2809,30.531,23.123,26.827
1991,9,15,1.7072,30.458,23.071,26.764
1991,9,16,8.1727,30.703,23.332,27.017
1991,9,17,17.702,31.184,23.359,27.271
1991,9,18,3.1504,30.807,23.152,26.98
1991,9,19,0.60309,30.919,22.718,26.819
1991,9,20,1.5497,31.136,23.438,27.287
1991,9,21,0.10477,30.868,23.323,27.095
1991,9,22,1.6481,30.733,23.313,27.023
1991,9,23,4.6751,29.943,22.864,26.403
1991,9,24,7.6441,28.882,23.114,25.998
1991,9,25,15.563,29.443,22.63,26.036
1991,9,26,0,30.816,22.811,26.813
1991,9,27,0,31.876,22.078,26.977
1991,9,28,0.11357,32.333,22.172,27.253
1991,9,29,0.7545,32.096,22.034,27.065
1991,9,30,0.97707,32.218,22.583,27.4
1991,10,1,0.7521,32.158,22.866,27.512
1991,10,2,2.6049,31.885,21.93,26.907
1991,10,3,0,31.006,22.251,26.629
1991,10,4,0.046758,28.71,22.001,25.356
1991,10,5,3.4363,29.262,22.54,25.901
1991,10,6,12.141,30.32,23.027,26.674
1991,10,7,19.771,30.51,22.126,26.318
1991,10,8,20.954,30.302,22.127,26.214
1991,10,9,11.426,29.731,21.888,25.809
1991,10,10,0,29.877,22.1,25.989
1991,10,11,2.9093,29.072,21.453,25.262
1991,10,12,0,29.83,20.783,25.306
1991,10,13,0,29.998,20.091,25.044
1991,10,14,0,30.362,19.347,24.855
1991,10,15,0,30.499,19.196,24.848
1991,10,16,0,30.624,19.799,25.211
1991,10,17,0,30.143,20.146,25.144
1991,10,18,0.048094,30.299,20.529,25.414
1991,10,19,0,30.273,20.77,25.521
1991,10,20,0,30.435,20.773,25.604
1991,10,21,0,30.423,19.948,25.186
1991,10,22,0,29.898,18.999,24.448
1991,10,23,0,29.624,17.983,23.803
1991,10,24,0,29.174,17.266,23.22
1991,10,25,0,28.613,16.915,22.764
1991,10,26,0,28.5,18.006,23.253
1991,10,27,0,29.102,17.938,23.52
1991,10,28,0,29.128,18.543,23.836
1991,10,29,0,29.095,18.763,23.929
1991,10,30,0,27.453,18.764,23.108
1991,10,31,0,27.579,19.018,23.299
1991,11,1,0,27.135,19.516,23.325
1991,11,2,0.29456,26.82,20.09,23.455
1991,11,3,53.288,25.945,19.026,22.486
1991,11,4,0.20208,25.926,17.488,21.707
1991,11,5,0,27.338,15.731,21.535
1991,11,6,0,27.509,14.046,20.778
1991,11,7,0,27.899,14.43,21.165
1991,11,8,0,28.297,15.878,22.087
1991,11,9,0,27.782,16.028,21.905
1991,11,10,0,28.475,16.816,22.646
1991,11,11,0,28.461,16.879,22.67
1991,11,12,0,27.909,16.797,22.353
1991,11,13,0,28.44,17.154,22.797
1991,11,14,0,28.363,17.009,22.686
1991,11,15,0,27.129,17.265,22.197
1991,11,16,0,25.339,17.46,21.4
1991,11,17,0.011433,23.334,17.626,20.48
1991,11,18,0,23.762,18.344,21.053
1991,11,19,0,24.669,17.967,21.318
1991,11,20,0,26.556,17.709,22.132
1991,11,21,0,27.48,17.257,22.369
1991,11,22,0,27.527,16.333,21.93
1991,11,23,0,26.365,14.215,20.29
1991,11,24,0,25.748,12.442,19.095
1991,11,25,0,25.777,11.817,18.797
1991,11,26,0,26.019,11.692,18.855
1991,11,27,0,26.274,11.998,19.136
1991,11,28,0,26.766,13.388,20.077
1991,11,29,0,27.363,14.007,20.685
1991,11,30,0,27.55,14.416,20.983
1991,12,1,0,27.275,15.541,21.408
1991,12,2,0,27.149,15.087,21.118
1991,12,3,0,26.589,13.462,20.025
1991,12,4,0,26.587,12.132,19.36
1991,12,5,0,26.066,11.35,18.708
1991,12,6,0.0057043,25.519,11.452,18.485
1991,12,7,0,26.397,12.027,19.212
1991,12,8,0,26.3,12.427,19.364
1991,12,9,0,25.83,12.278,19.054
1991,12,10,0,25.643,12.759,19.201
1991,12,11,0,25.47,12.782,19.126
1991,12,12,0,25.704,13.191,19.448
1991,12,13,0,25.198,12.711,18.954
1991,12,14,0.171,25.262,11.94,18.601
1991,12,15,0,24.74,11.32,18.03
1991,12,16,0,24.447,11.332,17.89
1991,12,17,0,24.605,11.905,18.255
1991,12,18,0,23.417,12.37,17.894
1991,12,19,0,24.286,12.647,18.466
1991,12,20,0,24.905,13.063,18.984
1991,12,21,0,25.366,13.747,19.557
1991,12,22,0,26.425,14.972,20.699
1991,12,23,0,26.689,15.694,21.192
1991,12,24,0,27.099,16.616,21.858
1991,12,25,0.062433,26.701,16.629,21.665
1991,12,26,3.9006e-05,25.727,15.796,20.761
1991,12,27,0,24.441,12.25,18.345
1991,12,28,0,23.448,11.321,17.384
1991,12,29,0,23.408,10.923,17.165
1991,12,30,0,24.867,13.919,19.393
1991,12,31,0.040908,23.744,14.764,19.254
1992,1,1,0.066479,23.778,13.78,18.779
1992,1,2,0,22.49,10.997,16.744
1992,1,3,0,22.333,9.9399,16.137
1992,1,4,0,22.786,9.436,16.111
1992,1,5,0.1242,23.119,8.6042,15.862
1992,1,6,0.225,24.238,9.4372,16.838
1992,1,7,0,25.8,9.4949,17.648
1992,1,8,0,26.539,8.8533,17.696
1992,1,9,0,25.938,10.022,17.98
1992,1,10,0,26.387,11.762,19.074
1992,1,11,0,25.9,12.446,19.173
1992,1,12,0,26.018,12.575,19.296
1992,1,13,0,25.117,11.149,18.133
1992,1,14,0,25.077,10.572,17.824
1992,1,15,0,25.185,10.841,18.013
1992,1,16,0,26.586,11.888,19.237
1992,1,17,0,27.05,12.599,19.824
1992,1,18,0,26.891,12.089,19.49
1992,1,19,0,26.986,12.669,19.827
1992,1,20,0,27.294,13.504,20.399
1992,1,21,0,27.504,15.073,21.288
1992,1,22,0.015112,27.256,15.35,21.303
1992,1,23,0,26.943,14.972,20.958
1992,1,24,0,27.316,14.814,21.065
1992,1,25,0,27.864,13.791,20.828
1992,1,26,0,28.505,13.312,20.909
1992,1,27,0,28.678,12.995,20.836
1992,1,28,0,29.435,14.016,21.726
1992,1,29,0,29.017,14.447,21.732
1992,1,30,0,28.621,15.109,21.865
1992,1,31,0,28.143,14.765,21.454
1992,2,1,0,28.155,14.904,21.53
1992,2,2,0,28.056,15.103,21.58
1992,2,3,0,28.595,15.389,21.992
1992,2,4,0,28.61,15.99,22.3
1992,2,5,0,29.068,17.614,23.341
1992,2,6,0.028146,28.727,17.732,23.23
1992,2,7,0.044934,28.971,17.852,23.411
1992,2,8,0,29.92,17.69,23.805
1992,2,9,0,28.844,15.932,22.388
1992,2,10,0,28.886,14.959,21.923
1992,2,11,0,27.579,13.391,20.485
1992,2,12,0,26.907,12.168,19.538
1992,2,13,0,27.765,12.061,19.913
1992,2,14,0,29.454,14.339,21.897
1992,2,15,0,29.248,15.135,22.192
1992,2,16,0,28.696,14.894,21.795
1992,2,17,0,29.545,15.361,22.453
1992,2,18,0,29.084,14.337,21.711
1992,2,19,0,28.875,13.716,21.295
1992,2,20,0,30.253,16.512,23.382
1992,2,21,0,29.968,17.154,23.561
1992,2,22,0,30.043,17.364,23.703
1992,2,23,0.0010325,30.025,17.156,23.591
1992,2,24,0.00076028,29.058,16.507,22.782
1992,2,25,0.08128,28.18,14.647,21.414
1992,2,26,0.08128,28.063,13.316,20.689
1992,2,27,0,29.026,13.571,21.298
1992,2,28,0,30.441,15.976,23.209
1992,2,29,0,31.57,16.769,24.169
1992,3,1,0,33.063,17.669,25.366
1992,3,2,0,33.133,17.683,25.408
1992,3,3,0,33.578,17.103,25.34
1992,3,4,0,32.673,17.015,24.844
1992,3,5,0,33.816,16.945,25.381
1992,3,6,0,34.905,18.339,26.622
1992,3,7,0,34.502,18.119,26.31
1992,3,8,0,34.671,17.915,26.293
1992,3,9,0,34.103,17.792,25.948
1992,3,10,1.0566,34.475,18.08,26.278
1992,3,11,0.631,34.274,17.963,26.119
1992,3,12,0,34.439,18.437,26.438
1992,3,13,0,34.701,19.046,26.874
1992,3,14,0,35.234,19.486,27.36
1992,3,15,0,35.125,20.196,27.661
1992,3,16,0,34.68,19.382,27.031
1992,3,17,0,34.304,18.598,26.451
1992,3,18,0.0098239,34.535,18.543,26.539
1992,3,19,0,35.938,19.999,27.969
1992,3,20,0,35.85,20.296,28.073
1992,3,21,0,36.412,21.993,29.202
1992,3,22,0,37.073,22.215,29.644
1992,3,23,0,36.891,22.053,29.472
1992,3,24,0,36.287,22.195,29.241
1992,3,25,0,36.583,22.489,29.536
1992,3,26,0,36.932,22.335,29.633
1992,3,27,0,37.239,23.202,30.221
1992,3,28,0.073462,37.449,22.946,30.198
1992,3,29,0,37.376,23.284,30.33
1992,3,30,0.10241,37.671,23.595,30.633
1992,3,31,0,36.146,23.056,29.601
1992,4,1,0.0023447,34.094,19.842,26.968
1992,4,2,0,34.457,21.534,27.995
1992,4,3,0.030194,35.497,22.35,28.923
1992,4,4,0,36.126,23.363,29.744
1992,4,5,0,37.408,23.116,30.262
1992,4,6,0,37.62,22.893,30.256
1992,4,7,0,37.978,23.242,30.61
1992,4,8,0,37.634,23.192,30.413
1992,4,9,0.051762,38.202,23.404,30.803
1992,4,10,0,38.951,24.874,31.912
1992,4,11,0,38.965,26.075,32.52
1992,4,12,0.001843,38.004,25.444,31.724
1992,4,13,0,38.828,25.451,32.14
1992,4,14,0.00026021,39.141,25.552,32.347
1992,4,15,0,38.714,25.471,32.092
1992,4,16,0.000279,37.907,24.307,31.107
1992,4,17,0,37.235,24.146,30.69
1992,4,18,0,37.052,24.306,30.679
1992,4,19,0.68246,37.389,24.723,31.056
1992,4,20,0,37.738,24.328,31.033
1992,4,21,0.078197,38.545,24.868,31.707
1992,4,22,6.9758,38.774,26.042,32.408
1992,4,23,0.20304,37.745,23.336,30.54
1992,4,24,0,34.155,22.948,28.551
1992,4,25,6.746e-05,36.085,22.165,29.125
1992,4,26,0.21641,36.229,23.233,29.731
1992,4,27,0.23923,36.408,22.991,29.699
1992,4,28,0.0020512,36.655,23.069,29.862
1992,4,29,1.2638,37.439,24.682,31.061
1992,4,30,17.072,37.992,23.772,30.882
1992,5,1,0.0079189,35.715,21.576,28.645
1992,5,2,0,36.307,24.096,30.202
1992,5,3,0.15212,37.526,24.837,31.182
1992,5,4,0.073871,37.952,24.52,31.236
1992,5,5,0.51333,37.861,24.91,31.386
1992,5,6,0.0042754,36.964,23.981,30.472
1992,5,7,0,36.826,24.633,30.729
1992,5,8,0.24004,37.969,25.45,31.71
1992,5,9,25.049,38.536,25.882,32.209
1992,5,10,0.90856,39.166,26.409,32.787
1992,5,11,2.5023,39.129,26.17,32.65
1992,5,12,0,39.695,26.514,33.105
1992,5,13,0,38.796,26.28,32.538
1992,5,14,0.8538,38.894,26.59,32.742
1992,5,15,0.0017985,38.74,27.34,33.04
1992,5,16,0.14334,38.19,26.017,32.103
1992,5,17,0.026199,38.558,26.329,32.443
1992,5,18,0.6321,39.049,26.085,32.567
1992,5,19,0,40.197,26.621,33.409
1992,5,20,0,40.136,27.668,33.902
1992,5,21,0.18231,39.711,26.26,32.986
1992,5,22,0.0099958,39.003,25.641,32.322
1992,5,23,0.079441,39.433,25.503,32.468
1992,5,24,0.13891,39.225,25.24,32.232
1992,5,25,0.47324,38.325,25.791,32.058
1992,5,26,0.13503,38.222,24.935,31.578
1992,5,27,1.1583,37.411,25.833,31.622
1992,5,28,1.9162,37.936,25.586,31.761
1992,5,29,0,36.538,26.726,31.632
1992,5,30,23.145,38.589,27.187,32.888
1992,5,31,0,38.346,26.945,32.645
1992,6,1,0.47799,37.875,27.294,32.585
1992,6,2,0.053542,38.995,26.797,32.896
1992,6,3,0.47799,39.205,26.321,32.763
1992,6,4,0.47459,38.806,27.04,32.923
1992,6,5,0.089787,39.391,27.534,33.462
1992,6,6,0.067434,38.537,27.77,33.153
1992,6,7,0.12541,38.334,27.622,32.978
1992,6,8,0.54955,38.78,27.964,33.372
1992,6,9,0.48113,36.531,27.866,32.199
1992,6,10,5.8943,36.825,25.223,31.024
1992,6,11,0.28675,35.652,26.476,31.064
1992,6,12,22.468,35.933,26.418,31.175
1992,6,13,3.6277,36.511,26.782,31.647
1992,6,14,0.55858,35.833,27.886,31.859
1992,6,15,0.007767,37.171,27.567,32.369
1992,6,16,14.803,36.777,26.127,31.452
1992,6,17,22.565,35.64,26.226,30.933
1992,6,18,67.085,32.921,26.306,29.614
1992,6,19,48.268,32.213,24.327,28.27
1992,6,20,1.7902,30.629,24.7,27.664
1992,6,21,0.16284,29.607,23.23,26.419
1992,6,22,6.9484,29.061,23.405,26.233
1992,6,23,14.621,28.854,23.585,26.22
1992,6,24,4.3197,28.861,23.079,25.97
1992,6,25,0.36892,28.879,24.189,26.534
1992,6,26,3.0936,30.916,25.119,28.018
1992,6,27,0.22362,31.952,25.614,28.783
1992,6,28,0.061472,32.416,25.466,28.941
1992,6,29,0.14434,33.358,25.372,29.365
1992,6,30,0.18019,33.965,25.784,29.875
1992,7,1,12.042,33.227,24.612,28.92
1992,7,2,3.3963,32.02,23.069,27.544
1992,7,3,8.3827,30.542,23.917,27.23
1992,7,4,0.70605,31.25,24.454,27.852
1992,7,5,1.7563,32.439,25.948,29.193
1992,7,6,2.8298,33.271,25.761,29.516
1992,7,7,0,32.874,25.29,29.082
1992,7,8,0,32.968,25.377,29.173
1992,7,9,0,33.53,25.621,29.575
1992,7,10,1.1521,32.477,25.886,29.181
1992,7,11,3.4181,31.268,23.557,27.412
1992,7,12,2.9635,29.568,23.135,26.351
1992,7,13,1.4059,29.774,23.009,26.392
1992,7,14,4.559,28.964,23.446,26.205
1992,7,15,2.0401,30.45,24.72,27.585
1992,7,16,5.4776,31.244,25.015,28.13
1992,7,17,30.488,30.65,23.628,27.139
1992,7,18,27.808,29.058,22.33,25.694
1992,7,19,1.1977,28.991,23.326,26.159
1992,7,20,8.1895,28.327,23.968,26.147
1992,7,21,14.909,28.221,22.81,25.516
1992,7,22,1.9959,26.565,22.534,24.549
1992,7,23,2.1621,28.698,23.405,26.052
1992,7,24,0.12959,30.264,24.528,27.396
1992,7,25,37.362,30.257,24.066,27.161
1992,7,26,83.029,27.959,22.612,25.286
1992,7,27,91.001,25.981,22.418,24.2
1992,7,28,79.776,25.961,21.609,23.785
1992,7,29,0.0058676,26.252,22.082,24.167
1992,7,30,0,29.382,24.122,26.752
1992,7,31,0.44562,30.341,23.945,27.143
1992,8,1,40.044,29.894,24.067,26.981
1992,8,2,23.227,28.274,22.761,25.518
1992,8,3,5.9985,27.539,22.827,25.183
1992,8,4,1.6079,27.812,22.906,25.359
1992,8,5,0.054671,28.014,23.085,25.549
1992,8,6,3.49,29.368,23.901,26.634
1992,8,7,2.3956,29.429,23.651,26.54
1992,8,8,26.167,27.536,21.663,24.599
1992,8,9,2.1445,25.961,20.96,23.461
1992,8,10,4.5642,27.513,21.757,24.635
1992,8,11,25.949,28.578,22.649,25.613
1992,8,12,22.252,28.751,23.123,25.937
1992,8,13,23.377,27.572,22.233,24.903
1992,8,14,44.304,27.996,22.514,25.255
1992,8,15,22.735,26.564,22.181,24.372
1992,8,16,28.398,26.881,22.316,24.599
1992,8,17,2.8882,27.294,22.902,25.098
1992,8,18,15.783,27.562,22.265,24.913
1992,8,19,50.987,25.842,22.28,24.061
1992,8,20,48.821,25.207,20.844,23.025
1992,8,21,13.709,24.624,19.764,22.194
1992,8,22,3.9488,24.977,21.197,23.087
1992,8,23,0.13532,27.004,22.126,24.565
1992,8,24,0.66547,27.216,22.197,24.706
1992,8,25,1.6788,27.851,22.729,25.29
1992,8,26,1.2099,28.044,22.856,25.45
1992,8,27,1.0606,28.706,23.069,25.887
1992,8,28,0.77822,28.754,22.838,25.796
1992,8,29,1.2376,29.457,23.002,26.23
1992,8,30,33.894,29.547,22.929,26.238
1992,8,31,51.642,30.298,23.042,26.67
1992,9,1,34.677,29.725,23.125,26.425
1992,9,2,0.089158,29.707,23.327,26.517
1992,9,3,0,29.171,23.174,26.173
1992,9,4,0.010607,28.56,22.785,25.672
1992,9,5,0,28.806,23.075,25.94
1992,9,6,9.4187,28.932,22.331,25.631
1992,9,7,44.707,27.179,21.863,24.521
1992,9,8,42.095,27.522,22.4,24.961
1992,9,9,2.1057,27.528,22.495,25.012
1992,9,10,21.823,28.095,22.105,25.1
1992,9,11,1.469,27.069,22.15,24.61
1992,9,12,0.43987,28.432,21.603,25.017
1992,9,13,0.8463,28.535,21.382,24.958
1992,9,14,0.45284,29.202,21.753,25.478
1992,9,15,0.010499,29.903,22.297,26.1
1992,9,16,0.78868,29.994,21.591,25.792
1992,9,17,0.039576,30.227,21.358,25.792
1992,9,18,0,30.101,21.37,25.736
1992,9,19,0,30.488,21.452,25.97
1992,9,20,0.11212,30.993,22.142,26.567
1992,9,21,0.093949,31.138,22.369,26.754
1992,9,22,0.51086,31.643,22.297,26.97
1992,9,23,0.076815,31.766,21.959,26.862
1992,9,24,0.071827,31.623,21.634,26.628
1992,9,25,0.63968,31.837,22.088,26.963
1992,9,26,0.6544,32.03,22.205,27.118
1992,9,27,0.24811,32.082,22.621,27.352
1992,9,28,1.4478,31.587,22.271,26.929
1992,9,29,4.3012,31.608,22.419,27.013
1992,9,30,0.072641,31.485,21.8,26.643
1992,10,1,1.3483,31.069,22.206,26.637
1992,10,2,0.038604,31.77,21.816,26.793
1992,10,3,0.3801,31.826,21.781,26.803
1992,10,4,0.76812,31.697,21.883,26.79
1992,10,5,0.17197,31.801,21.451,26.626
1992,10,6,0,31.729,21.328,26.529
1992,10,7,0,31.651,21.508,26.579
1992,10,8,0.36644,30.907,21.716,26.312
1992,10,9,0.28003,28.725,21.61,25.167
1992,10,10,0.12211,28.217,21.508,24.863
1992,10,11,4.2171,29.848,21.913,25.88
1992,10,12,8.614,30.126,21.69,25.908
1992,10,13,0.012875,30.507,22.127,26.317
1992,10,14,0,30.312,20.789,25.551
1992,10,15,0,30.519,20.626,25.573
1992,10,16,0,30.769,20.304,25.537
1992,10,17,0,30.882,19.522,25.202
1992,10,18,0,30.888,18.747,24.817
1992,10,19,0,30.638,18.953,24.796
1992,10,20,0,30.091,19.386,24.739
1992,10,21,0,30.176,18.552,24.364
1992,10,22,0,29.795,18.06,23.928
1992,10,23,0,30.579,19.54,25.059
1992,10,24,0,30.624,19.883,25.253
1992,10,25,0,31.085,19.467,25.276
1992,10,26,0,30.954,19.698,25.326
1992,10,27,0,29.869,19.477,24.673
1992,10,28,0,29.614,18.704,24.159
1992,10,29,0,28.751,16.759,22.755
1992,10,30,0,28.678,15.95,22.314
1992,10,31,0,28.6,16.43,22.515
1992,11,1,0,29.789,18.008,23.899
1992,11,2,0,30.476,18.907,24.691
1992,11,3,0,30.894,18.702,24.798
1992,11,4,0,30.435,18.027,24.231
1992,11,5,0.043656,30.453,17.567,24.01
1992,11,6,0,29.382,17.4,23.391
1992,11,7,0,29.125,17.659,23.392
1992,11,8,0,28.1,17.339,22.719
1992,11,9,0.10576,28.831,17.218,23.024
1992,11,10,0.12456,29.291,16.607,22.949
1992,11,11,0.039131,28.791,15.779,22.285
1992,11,12,0.016337,28.255,15.916,22.086
1992,11,13,0.16338,28.545,16.494,22.52
1992,11,14,0,28.394,16.436,22.415
1992,11,15,0,28.225,17.303,22.764
1992,11,16,0,27.922,18.269,23.095
1992,11,17,0,27.447,18.368,22.908
1992,11,18,0.0006861,25.941,18.015,21.978
1992,11,19,0.37365,24.598,17.768,21.183
1992,11,20,0.002678,25.91,16.902,21.406
1992,11,21,0,27.641,17.958,22.799
1992,11,22,0,27.793,18.366,23.079
1992,11,23,11.424,28.912,19.273,24.092
1992,11,24,13.276,28.511,18.02,23.265
1992,11,25,0,27.084,16.429,21.756
1992,11,26,0,26.52,13.837,20.179
1992,11,27,0,26.251,14.349,20.3
1992,11,28,0,26.651,14.326,20.488
1992,11,29,0,26.644,14.297,20.47
1992,11,30,0,26.304,13.474,19.889
1992,12,1,0,26.581,13.944,20.262
1992,12,2,0,26.475,13.21,19.842
1992,12,3,0,26.326,13.2,19.763
1992,12,4,0,27.062,13.926,20.494
1992,12,5,0,27.183,13.889,20.536
1992,12,6,0,26.835,13.144,19.989
1992,12,7,0,26.527,12.026,19.276
1992,12,8,0,26.637,12.227,19.432
1992,12,9,0,26.275,12.079,19.177
1992,12,10,0,25.71,11.648,18.679
1992,12,11,0,25.762,11.548,18.655
1992,12,12,0,25.611,11.177,18.394
1992,12,13,0,25.661,11.304,18.483
1992,12,14,0,26.229,10.813,18.521
1992,12,15,0,25.902,11.858,18.88
1992,12,16,0,25.768,11.36,18.564
1992,12,17,0,25.645,10.645,18.145
1992,12,18,0,25.7,10.854,18.277
1992,12,19,0,25.904,11.205,18.554
1992,12,20,0,25.964,11.438,18.701
1992,12,21,0,26.04,11.455,18.748
1992,12,22,0,26.502,10.917,18.71
1992,12,23,0,26.482,10.986,18.734
1992,12,24,0,26.296,10.219,18.258
1992,12,25,0,25.511,9.5547,17.533
1992,12,26,0,25.903,10.029,17.966
1992,12,27,0,26.236,10.702,18.469
1992,12,28,0.12852,26.755,11.136,18.945
1992,12,29,0.063649,27.191,11.658,19.424
1992,12,30,0.11839,26.756,11.863,19.31
1992,12,31,0,26.602,11.619,19.11
1993,1,1,0,26.5,11.624,19.062
1993,1,2,0,27.542,11.951,19.746
1993,1,3,0,28.175,12.321,20.248
1993,1,4,0.14696,29.09,13.189,21.139
1993,1,5,0.14696,28.978,13.443,21.211
1993,1,6,0,28.478,13.128,20.803
1993,1,7,0,29.019,14.095,21.557
1993,1,8,0,28.44,14.527,21.483
1993,1,9,0,28.041,14.506,21.274
1993,1,10,0,28.106,14.751,21.428
1993,1,11,0,28.451,15.465,21.958
1993,1,12,0,28.496,15.269,21.883
1993,1,13,0,28.198,14.764,21.481
1993,1,14,0,27.3,13.876,20.588
1993,1,15,0,25.244,12.204,18.724
1993,1,16,0,27.956,13.512,20.734
1993,1,17,0,28.601,14.469,21.535
1993,1,18,0,28.863,14.855,21.859
1993,1,19,0,27.955,14.802,21.378
1993,1,20,0,27.361,14.222,20.792
1993,1,21,0,26.036,11.682,18.859
1993,1,22,0,26.001,10.652,18.326
1993,1,23,0,26.54,11.299,18.919
1993,1,24,0,26.814,11.896,19.355
1993,1,25,0,26.845,10.823,18.834
1993,1,26,0,27.22,11.381,19.3
1993,1,27,0,27.626,11.753,19.69
1993,1,28,0,26.832,11.073,18.952
1993,1,29,0,27.103,11.274,19.189
1993,1,30,1.3431e-06,27.617,11.99,19.803
1993,1,31,1.3431e-06,28.727,13.953,21.34
1993,2,1,0,28.071,13.779,20.925
1993,2,2,0.063152,27.02,12.533,19.776
1993,2,3,0,27.225,12.826,20.026
1993,2,4,0,27.558,12.346,19.952
1993,2,5,0,27.76,13.042,20.401
1993,2,6,0,27.659,12.765,20.212
1993,2,7,0,27.81,12.943,20.376
1993,2,8,0,28.362,13.301,20.831
1993,2,9,0,29.193,14.272,21.732
1993,2,10,0,29.007,14.685,21.846
1993,2,11,0,29.615,15.987,22.801
1993,2,12,0,29.915,16.647,23.281
1993,2,13,0,31.18,17.042,24.111
1993,2,14,0.13233,31.772,16.76,24.266
1993,2,15,0.048177,32.554,16.815,24.685
1993,2,16,0,33.079,17.539,25.309
1993,2,17,0.35829,32.891,18.046,25.468
1993,2,18,0,33.173,18.548,25.861
1993,2,19,0,32.327,17.912,25.12
1993,2,20,0,31.059,16.379,23.719
1993,2,21,0,28.747,13.557,21.152
1993,2,22,0,26.976,11.242,19.109
1993,2,23,0.03367,27.093,11.176,19.134
1993,2,24,0.29911,29.026,13.186,21.106
1993,2,25,0,29.976,16.565,23.271
1993,2,26,0,30.609,17.534,24.072
1993,2,27,0,30.6,18.167,24.384
1993,2,28,2.2697,29.199,16.568,22.883
1993,3,1,0,27.854,16.843,22.349
1993,3,2,1.6366,27.305,16.979,22.142
1993,3,3,2.8313,29.131,17.535,23.333
1993,3,4,0.03752,29.322,18.265,23.794
1993,3,5,0,31.219,18.826,25.023
1993,3,6,0.46459,32.048,18.321,25.184
1993,3,7,0.67784,31.75,18.409,25.079
1993,3,8,0,31.787,16.78,24.284
1993,3,9,0,32.142,16.877,24.51
1993,3,10,0.18171,32.192,18.869,25.53
1993,3,11,1.0464,31.531,18.913,25.222
1993,3,12,0.024715,32.089,18.213,25.151
1993,3,13,0,33.176,19.276,26.226
1993,3,14,0,34.09,20.136,27.113
1993,3,15,0,34.167,20.906,27.537
1993,3,16,0,34.637,20.082,27.359
1993,3,17,0,34.847,20.738,27.793
1993,3,18,0,33.584,18.482,26.033
1993,3,19,0,34.135,19.188,26.662
1993,3,20,0,34.122,20.314,27.218
1993,3,21,0,34.104,20.173,27.138
1993,3,22,0,33.886,21.538,27.712
1993,3,23,0,34.119,22.127,28.123
1993,3,24,0,34.793,21.454,28.124
1993,3,25,0.16221,35.199,21.961,28.58
1993,3,26,0,34.276,21.933,28.105
1993,3,27,0,33.674,20.394,27.034
1993,3,28,0,33.898,19.733,26.816
1993,3,29,0.0092585,34.112,20.839,27.475
1993,3,30,0,34.154,21.227,27.69
1993,3,31,0.17732,34.396,21.704,28.05
1993,4,1,0.00040538,34.725,22.371,28.548
1993,4,2,0.0012118,34.64,22.627,28.634
1993,4,3,0.031115,35.403,21.896,28.65
1993,4,4,0.013044,35.5,22.855,29.177
1993,4,5,0,35.004,21.722,28.363
1993,4,6,0.033798,35.866,23.044,29.455
1993,4,7,0,36.801,23.731,30.266
1993,4,8,0,37.02,24.377,30.698
1993,4,9,0,36.042,22.78,29.411
1993,4,10,0,36.313,23.721,30.017
1993,4,11,0,36.465,24.404,30.434
1993,4,12,0.38267,36.079,22.329,29.204
1993,4,13,0,35.383,22.674,29.029
1993,4,14,0,34.768,22.93,28.849
1993,4,15,0.025732,34.907,23.127,29.017
1993,4,16,0.65175,35.41,23.138,29.274
1993,4,17,0,35.763,23.223,29.493
1993,4,18,0.022794,36.605,24.283,30.444
1993,4,19,4.3318,36.974,24.119,30.547
1993,4,20,0,37.555,25.332,31.444
1993,4,21,0,37.821,24.963,31.392
1993,4,22,0,37.66,25.953,31.807
1993,4,23,0,37.865,25.532,31.699
1993,4,24,0,38.206,26.878,32.542
1993,4,25,0.083112,37.786,25.493,31.64
1993,4,26,2.0145,37.324,24.628,30.976
1993,4,27,1.4993,38.337,26.036,32.187
1993,4,28,0.11044,39.563,27.092,33.327
1993,4,29,0.26836,39.925,26.929,33.427
1993,4,30,0.29852,39.928,25.985,32.957
1993,5,1,0.01242,39.867,26.312,33.09
1993,5,2,0,40.463,27.483,33.973
1993,5,3,0,40.845,27.157,34.001
1993,5,4,0,41.455,28.183,34.819
1993,5,5,0,40.934,28.859,34.896
1993,5,6,0,40.751,28.489,34.62
1993,5,7,0.3024,41.205,27.99,34.598
1993,5,8,0,41.28,27.09,34.185
1993,5,9,0,40.726,28.156,34.441
1993,5,10,1.164,39.075,25.59,32.332
1993,5,11,0,39.665,27.233,33.449
1993,5,12,0,39.453,27.227,33.34
1993,5,13,1.0483,39.834,27.628,33.731
1993,5,14,5.2974,39.331,26.674,33.003
1993,5,15,0,38.817,25.953,32.385
1993,5,16,0,38.843,27.085,32.964
1993,5,17,0,39.655,28.2,33.928
1993,5,18,0.19655,38.761,28.134,33.447
1993,5,19,0.25721,38.803,26.438,32.621
1993,5,20,1.3711,38.25,25.243,31.747
1993,5,21,0,36.897,26.755,31.826
1993,5,22,0.046001,38.208,26.823,32.516
1993,5,23,0.4467,38.143,26.488,32.316
1993,5,24,0.034078,38.709,27.849,33.279
1993,5,25,8.8318,39.31,27.543,33.426
1993,5,26,0.055804,39.161,27.388,33.275
1993,5,27,4.046,37.39,24.468,30.929
1993,5,28,1.323,36.544,25.519,31.031
1993,5,29,1.0671,35.878,22.979,29.429
1993,5,30,2.3829,35.847,24.262,30.054
1993,5,31,0.26784,37.458,26.975,32.216
1993,6,1,1.0772e-07,37.233,25.722,31.477
1993,6,2,0.88995,37.404,27.068,32.236
1993,6,3,0.78262,37.826,26.95,32.388
1993,6,4,0,38.414,28.595,33.504
1993,6,5,0.50665,38.055,27.608,32.831
1993,6,6,0.49389,37.147,27.772,32.459
1993,6,7,9.7204,37.013,27.258,32.135
1993,6,8,1.0979,37.208,27.516,32.362
1993,6,9,1.1915,36.778,27.355,32.066
1993,6,10,4.4958,36.787,28.055,32.421
1993,6,11,15.353,36.698,26.524,31.611
1993,6,12,0.68802,35.757,27.015,31.386
1993,6,13,0.85052,35.558,25.909,30.733
1993,6,14,4.1225,33.873,26.438,30.155
1993,6,15,21.84,32.245,25.099,28.672
1993,6,16,64.59,30.573,23.493,27.033
1993,6,17,0.50351,30.223,24.212,27.217
1993,6,18,0,30.602,25.201,27.901
1993,6,19,0,30.837,24.403,27.62
1993,6,20,9.4168,29.529,23.785,26.657
1993,6,21,1.2031,30.888,25.235,28.062
1993,6,22,3.3292,31.77,25.635,28.702
1993,6,23,0.759,33.03,26.336,29.683
1993,6,24,0.47222,32.112,25.938,29.025
1993,6,25,30.186,29.745,23.792,26.768
1993,6,26,3.4247,28.509,23.585,26.047
1993,6,27,1.4445,29.159,23.631,26.395
1993,6,28,0.093732,29.953,24.882,27.417
1993,6,29,0,32.144,25.241,28.693
1993,6,30,1.75,32.739,24.945,28.842
1993,7,1,1.0512,31.805,24.253,28.029
1993,7,2,0.5623,31.109,25.216,28.162
1993,7,3,6.8568,31.685,24.607,28.146
1993,7,4,0.0078599,30.544,24.038,27.291
1993,7,5,0.87364,29.873,24.507,27.19
1993,7,6,13.625,30.621,25.146,27.884
1993,7,7,46.917,29.3,23.75,26.525
1993,7,8,25.683,26.313,22.578,24.446
1993,7,9,0,26.807,22.731,24.769
1993,7,10,0.76852,27.773,23.598,25.685
1993,7,11,12.771,28.505,23.721,26.113
1993,7,12,52.834,27.231,22.688,24.96
1993,7,13,21.008,27.156,22.717,24.936
1993,7,14,65.401,26.674,22.994,24.834
1993,7,15,46.887,25.954,22.878,24.416
1993,7,16,2.5158,26.335,22.717,24.526
1993,7,17,0.24153,27.668,23.187,25.427
1993,7,18,0,30.131,24.198,27.165
1993,7,19,0.024874,31.334,24.869,28.101
1993,7,20,1.1909,31.223,25.601,28.412
1993,7,21,0,31.184,25.738,28.461
1993,7,22,1.8915,30.681,24.973,27.827
1993,7,23,4.2688,31,25.058,28.029
1993,7,24,12.125,30.459,24.342,27.401
1993,7,25,22.698,29.634,23.523,26.579
1993,7,26,46.997,28.113,22.43,25.271
1993,7,27,9.6959,26.944,22.498,24.721
1993,7,28,16.355,28.482,23.35,25.916
1993,7,29,2.7628,29.189,23.849,26.519
1993,7,30,22.792,29.623,24.23,26.926
1993,7,31,40.515,28.634,23.659,26.146
1993,8,1,27.343,27.763,23.304,25.533
1993,8,2,59.791,26.98,23.512,25.246
1993,8,3,2.2328,28.012,23.913,25.962
1993,8,4,6.216,27.866,23.641,25.753
1993,8,5,3.8201,26.532,23.11,24.821
1993,8,6,6.4956,26.869,22.674,24.772
1993,8,7,0.23922,28.043,23.499,25.771
1993,8,8,0.75729,29.333,23.905,26.619
1993,8,9,1.3865e-05,28.721,23.187,25.954
1993,8,10,0.14284,27.892,22.812,25.352
1993,8,11,5.754e-05,27.798,23.076,25.437
1993,8,12,1.5013,28.827,23.745,26.286
1993,8,13,0.66803,29.099,23.897,26.498
1993,8,14,1.7063,29.222,24.181,26.702
1993,8,15,16.76,27.464,23.29,25.377
1993,8,16,11.529,26.198,22.583,24.39
1993,8,17,51.749,25.979,22.429,24.204
1993,8,18,6.0845,27.607,23.667,25.637
1993,8,19,32.403,27.066,22.783,24.925
1993,8,20,18.553,26.403,22.741,24.572
1993,8,21,7.5284,27.387,23.071,25.229
1993,8,22,8.962,27.879,23.215,25.547
1993,8,23,0,29.22,22.722,25.971
1993,8,24,0,30.223,22.935,26.579
1993,8,25,0.16737,30.145,22.997,26.571
1993,8,26,0.76683,29.972,23.528,26.75
1993,8,27,3.269,30.303,23.755,27.029
1993,8,28,3.7732,30.527,23.739,27.133
1993,8,29,0.71023,30.669,23.868,27.269
1993,8,30,0.90761,30.561,23.577,27.069
1993,8,31,14.667,29.935,22.665,26.3
1993,9,1,48.178,28.975,22.772,25.874
1993,9,2,21.488,28.65,22.591,25.62
1993,9,3,5.0627,27.914,22.668,25.291
1993,9,4,1.2369,28.242,23.005,25.623
1993,9,5,0.069601,29.127,22.782,25.954
1993,9,6,27.063,28.178,22.291,25.234
1993,9,7,18.335,26.837,21.945,24.391
1993,9,8,69.245,26.9,21.786,24.343
1993,9,9,1.1371,26.883,22.142,24.513
1993,9,10,1.9874,27.882,22.029,24.955
1993,9,11,2.0456,29.309,22.702,26.005
1993,9,12,0.024428,29.78,22.638,26.209
1993,9,13,0.071423,30.153,23.117,26.635
1993,9,14,0.31808,30.311,23.906,27.108
1993,9,15,1.9182,30.291,23.301,26.796
1993,9,16,0.3312,29.164,22.55,25.857
1993,9,17,12.291,29.97,22.078,26.024
1993,9,18,5.0086,30.326,22.796,26.561
1993,9,19,0,30.792,23.063,26.928
1993,9,20,0,30.867,22.638,26.753
1993,9,21,3.1408,30.011,22.34,26.175
1993,9,22,2.4793,28.612,22.802,25.707
1993,9,23,10.322,28.805,23.132,25.969
1993,9,24,22.18,29.1,22.455,25.778
1993,9,25,12.59,28.449,21.661,25.055
1993,9,26,2.8709,27.961,21.607,24.784
1993,9,27,0.23925,28.859,22.18,25.52
1993,9,28,2.6012,29.954,22.86,26.407
1993,9,29,0.044846,30.252,22.951,26.602
1993,9,30,15.879,30.339,22.313,26.326
1993,10,1,0.054189,30.333,23.066,26.699
1993,10,2,0.84596,30.792,22.44,26.616
1993,10,3,1.07,30.728,22.255,26.492
1993,10,4,1.9663,31.373,22.687,27.03
1993,10,5,1.0649,31.225,22.15,26.687
1993,10,6,1.1586,31.054,22.57,26.812
1993,10,7,0.088864,30.722,22.255,26.489
1993,10,8,2.4097,30.848,22.315,26.581
1993,10,9,1.178,30.571,21.941,26.256
1993,10,10,1.0563,29.009,22.072,25.54
1993,10,11,2.5466,29.939,21.872,25.905
1993,10,12,0.65924,29.816,22.123,25.97
1993,10,13,4.3615,30.555,21.983,26.269
1993,10,14,0,30.477,21.849,26.163
1993,10,15,22.33,29.744,21.52,25.632
1993,10,16,5.1047,29.523,21.363,25.443
1993,10,17,7.6185,29.284,21.144,25.214
1993,10,18,0,29.999,21.918,25.958
1993,10,19,16.556,29.305,20.623,24.964
1993,10,20,5.9133,29.096,20.662,24.879
1993,10,21,2.7555,29.007,19.629,24.318
1993,10,22,0,29.181,18.642,23.912
1993,10,23,0,29.182,19.289,24.236
1993,10,24,0,29.445,19.332,24.388
1993,10,25,0,30.11,19.341,24.725
1993,10,26,0,30.526,20.528,25.527
1993,10,27,0,30.344,20.572,25.458
1993,10,28,0,29.949,20.606,25.278
1993,10,29,0,29.393,19.799,24.596
1993,10,30,0,29.005,19.033,24.019
1993,10,31,0,28.56,17.789,23.174
1993,11,1,0,29.077,17.574,23.325
1993,11,2,0,28.243,17.232,22.737
1993,11,3,1.4295,28.615,18.007,23.311
1993,11,4,0.10791,28.65,18.644,23.647
1993,11,5,0,28.849,17.69,23.27
1993,11,6,0,28.925,17.631,23.278
1993,11,7,0,29.47,17.644,23.557
1993,11,8,0,29.204,17.605,23.404
1993,11,9,0,29.121,16.963,23.042
1993,11,10,0,29.214,16.683,22.949
1993,11,11,0,28.799,17.053,22.926
1993,11,12,0,27.875,15.749,21.812
1993,11,13,0,27.72,14.981,21.35
1993,11,14,0,27.557,14.059,20.808
1993,11,15,0,27.254,14.676,20.965
1993,11,16,0,27.846,15.083,21.464
1993,11,17,0,28.047,15.773,21.91
1993,11,18,0,28.773,15.901,22.337
1993,11,19,0,29.812,17.303,23.557
1993,11,20,0,29.468,17.696,23.582
1993,11,21,0,29.238,17.918,23.578
1993,11,22,0,28.621,17.328,22.974
1993,11,23,0,28.094,16.557,22.326
1993,11,24,0,27.635,14.395,21.015
1993,11,25,0,26.798,12.178,19.488
1993,11,26,0,26.416,11.336,18.876
1993,11,27,0,25.839,11.391,18.615
1993,11,28,0,25.773,11.144,18.459
1993,11,29,0,26.306,12.077,19.191
1993,11,30,0,26.295,12.294,19.294
1993,12,1,0,26.731,12.844,19.788
1993,12,2,0,26.406,12.761,19.584
1993,12,3,0,26.137,12.598,19.367
1993,12,4,0,25.607,13.132,19.369
1993,12,5,0,26.328,15.299,20.814
1993,12,6,0,25.373,15.317,20.345
1993,12,7,0,25.793,14.709,20.251
1993,12,8,0,26.72,14.797,20.759
1993,12,9,0.26593,27.038,13.955,20.497
1993,12,10,0.15183,26.655,12.872,19.763
1993,12,11,0,26.523,11.774,19.149
1993,12,12,0,25.801,11.837,18.819
1993,12,13,0,25.014,11.354,18.184
1993,12,14,0,25.089,10.302,17.695
1993,12,15,0,24.41,10.262,17.336
1993,12,16,0,24.396,10.044,17.22
1993,12,17,0,24.305,10.039,17.172
1993,12,18,0,24.661,10.089,17.375
1993,12,19,0,24.692,10.449,17.57
1993,12,20,0,24.115,10.209,17.162
1993,12,21,0,24.112,9.9574,17.035
1993,12,22,0,24.529,9.431,16.98
1993,12,23,0,24.574,10.131,17.353
1993,12,24,0,24.497,10.102,17.299
1993,12,25,0,24.11,9.9258,17.018
1993,12,26,0,24.167,9.9816,17.074
1993,12,27,0,24.483,9.892,17.187
1993,12,28,0,24.665,11.151,17.908
1993,12,29,0,24.486,13.68,19.083
1993,12,30,0,24.803,13.285,19.044
1993,12,31,0,25.487,12.656,19.071
1994,1,1,0,25.463,13.315,19.389
1994,1,2,0,26.764,13.233,19.999
1994,1,3,0,26.585,13.665,20.125
1994,1,4,0,27.156,13.21,20.183
1994,1,5,0,27.349,13.124,20.237
1994,1,6,0,26.97,13.277,20.123
1994,1,7,0,27.623,13.338,20.481
1994,1,8,0.045715,27.782,13.024,20.403
1994,1,9,0.054726,26.968,13.203,20.085
1994,1,10,0,27.1,14.708,20.904
1994,1,11,0,25.555,14.154,19.854
1994,1,12,0,26.607,14.437,20.522
1994,1,13,0,26.718,15.49,21.104
1994,1,14,0,27.571,15.99,21.78
1994,1,15,0.29405,27.902,16.907,22.405
1994,1,16,1.377,25.699,15.164,20.431
1994,1,17,0,24.236,12.144,18.19
1994,1,18,0,24.995,12.251,18.623
1994,1,19,0,25.968,15.041,20.504
1994,1,20,0,25.161,15.807,20.484
1994,1,21,0,25.384,15.591,20.488
1994,1,22,0,27.663,15.384,21.524
1994,1,23,0,28.071,15.609,21.84
1994,1,24,0,28.725,16.111,22.418
1994,1,25,0,29.207,16.107,22.657
1994,1,26,0,28.502,15.467,21.985
1994,1,27,0,28.707,14.894,21.8
1994,1,28,0,29.019,14.402,21.711
1994,1,29,0,29.398,14.849,22.123
1994,1,30,0,29.456,15.566,22.511
1994,1,31,0,28.55,16.328,22.439
1994,2,1,0.074817,27.515,16.027,21.771
1994,2,2,0.36574,26.56,14.922,20.741
1994,2,3,0,25.962,12.331,19.147
1994,2,4,0,26.364,12.443,19.403
1994,2,5,0,27.44,14.486,20.963
1994,2,6,0,28.353,16.335,22.344
1994,2,7,0,28.926,16.532,22.729
1994,2,8,0.27236,29.676,17.089,23.382
1994,2,9,4.5625,28.883,17.089,22.986
1994,2,10,0.073781,27.174,14.847,21.01
1994,2,11,0,27.734,15.098,21.416
1994,2,12,0.19152,28.656,18.018,23.337
1994,2,13,0.61637,28.199,17.314,22.757
1994,2,14,0,28.615,17.354,22.984
1994,2,15,1.1431,28.501,18.94,23.72
1994,2,16,0.36199,27.619,19.148,23.383
1994,2,17,0.27728,27.948,19.076,23.512
1994,2,18,0.13001,28.253,19.111,23.682
1994,2,19,0.041075,29.058,19.21,24.134
1994,2,20,0.0032191,30.047,19.367,24.707
1994,2,21,0,31.623,19.272,25.448
1994,2,22,0,30.934,18.49,24.712
1994,2,23,0,28.603,15.101,21.852
1994,2,24,0,28.321,14.406,21.363
1994,2,25,0,29.076,14.993,22.034
1994,2,26,0,29.37,14.419,21.895
1994,2,27,0,30.688,14.946,22.817
1994,2,28,0.14774,31.429,16.89,24.159
1994,3,1,0,31.642,17.793,24.717
1994,3,2,0,31.007,17.082,24.044
1994,3,3,0.01084,31.611,16.965,24.288
1994,3,4,0,31.587,17.203,24.395
1994,3,5,9.9665e-06,32.177,17.788,24.982
1994,3,6,0,33.775,19.708,26.742
1994,3,7,0,34.855,20.161,27.508
1994,3,8,0.030721,33.832,20.295,27.063
1994,3,9,0.00020095,33.987,19.554,26.77
1994,3,10,0.19719,33.482,20.304,26.893
1994,3,11,0.16628,33.842,20.425,27.134
1994,3,12,0,34.075,20.428,27.252
1994,3,13,0,34.473,20.219,27.346
1994,3,14,0,35.258,21.255,28.256
1994,3,15,0,35.976,21.963,28.97
1994,3,16,0,36.62,23.135,29.877
1994,3,17,0,36.215,21.839,29.027
1994,3,18,0,36.668,21.674,29.171
1994,3,19,0,37.081,21.186,29.134
1994,3,20,0,36.58,21.15,28.865
1994,3,21,0.25562,37.853,22.231,30.042
1994,3,22,0,37.424,23.042,30.233
1994,3,23,0,36.664,23.146,29.905
1994,3,24,0,36.51,21.596,29.053
1994,3,25,0,36.505,21.142,28.823
1994,3,26,0,36.738,22.961,29.849
1994,3,27,0,36.435,23.497,29.966
1994,3,28,0,36.378,22.838,29.608
1994,3,29,0,36.736,22.532,29.634
1994,3,30,0,36.41,23.724,30.067
1994,3,31,0.60871,36.778,25.18,30.979
1994,4,1,1.2287,36.54,24.447,30.493
1994,4,2,0.0024215,34.54,23.697,29.119
1994,4,3,0,35.289,22.874,29.081
1994,4,4,0.33721,34.755,23.833,29.294
1994,4,5,0,35.724,23.892,29.808
1994,4,6,1.1652,36.333,24.508,30.421
1994,4,7,3.3779,35.968,24.233,30.1
1994,4,8,0.0092921,33.195,22.477,27.836
1994,4,9,0,31.644,22.962,27.303
1994,4,10,0,32.475,21.441,26.958
1994,4,11,0,34.083,22.371,28.227
1994,4,12,0,32.6,22.69,27.645
1994,4,13,0,33.499,23.179,28.339
1994,4,14,0,35.842,23.748,29.795
1994,4,15,0,36.895,23.885,30.39
1994,4,16,0,35.866,24.403,30.135
1994,4,17,0.39477,35.324,23.658,29.491
1994,4,18,0,36.312,23.138,29.725
1994,4,19,0.028233,36.444,22.826,29.635
1994,4,20,0,36.906,23.332,30.119
1994,4,21,0,37.416,24.472,30.944
1994,4,22,0.00056561,37.17,24.652,30.911
1994,4,23,0,37.439,24.605,31.022
1994,4,24,0,37.708,25.566,31.637
1994,4,25,0.54074,38.037,26.257,32.147
1994,4,26,7.221,37.923,26.144,32.034
1994,4,27,0.092609,37.412,25.035,31.223
1994,4,28,4.7132,35.786,22.027,28.906
1994,4,29,0.022942,36.476,25.323,30.899
1994,4,30,0.030593,36.659,23.721,30.19
1994,5,1,1.7569,36.836,24.482,30.659
1994,5,2,0,36.864,25.215,31.04
1994,5,3,0,37.7,26.619,32.16
1994,5,4,0,38.238,25.986,32.112
1994,5,5,3.3299e-08,38.113,25.361,31.737
1994,5,6,0,38.842,25.964,32.403
1994,5,7,0,39.658,26.08,32.869
1994,5,8,0,40.064,26.685,33.374
1994,5,9,0,39.979,27.159,33.569
1994,5,10,0.069417,39.921,27.475,33.698
1994,5,11,0.57146,39.513,27.837,33.675
1994,5,12,0,39.691,27.616,33.653
1994,5,13,0.010399,39.919,28.357,34.138
1994,5,14,0,40.546,27.559,34.053
1994,5,15,0,39.477,27.897,33.687
1994,5,16,0,38.387,25.695,32.041
1994,5,17,0.011736,39.54,26.991,33.266
1994,5,18,0.0058678,39.431,27.767,33.599
1994,5,19,0,39.983,26.848,33.415
1994,5,20,1.9048,39.821,27.187,33.504
1994,5,21,0.69358,39.019,25.775,32.397
1994,5,22,0.35609,39.228,27.978,33.603
1994,5,23,3.7206,39.769,28.165,33.967
1994,5,24,0.032992,38.952,26.063,32.508
1994,5,25,0.01416,39.185,27.286,33.235
1994,5,26,3.2882,38.559,25.417,31.988
1994,5,27,0,37.412,26.985,32.199
1994,5,28,0.0034554,38.02,27.894,32.957
1994,5,29,16.326,38.094,27.414,32.754
1994,5,30,0.00049382,38.929,28.668,33.798
1994,5,31,0.22538,38.672,28.331,33.502
1994,6,1,0,39.28,29.757,34.518
1994,6,2,0,39.161,28.598,33.88
1994,6,3,0,39.012,29.462,34.237
1994,6,4,2.9723,39.501,29.53,34.516
1994,6,5,0.42268,39.171,29.413,34.292
1994,6,6,3.8744,38.236,27.215,32.725
1994,6,7,0.95858,36.212,27.382,31.797
1994,6,8,1.0195,37.113,27.363,32.238
1994,6,9,0,34.98,27.228,31.104
1994,6,10,0.38465,35.066,25.932,30.499
1994,6,11,1.2418,32.484,24.307,28.396
1994,6,12,0.60206,32.121,25.054,28.587
1994,6,13,21.779,31.666,25.361,28.514
1994,6,14,12.793,30.529,24.199,27.364
1994,6,15,23.989,27.09,23.149,25.119
1994,6,16,14.064,26.2,23.154,24.677
1994,6,17,1.7406,27.764,23.222,25.493
1994,6,18,1.9923,27.84,24.334,26.087
1994,6,19,23.061,28.062,23.367,25.714
1994,6,20,1.9695,28.2,23.673,25.936
1994,6,21,30.238,27.727,23.719,25.723
1994,6,22,23.709,25.717,22.263,23.99
1994,6,23,5.862,26.054,22.173,24.114
1994,6,24,0.4179,28.416,23.746,26.081
1994,6,25,0.046647,29.304,24.761,27.033
1994,6,26,47.004,28.68,24.45,26.565
1994,6,27,15.472,27.86,23.645,25.753
1994,6,28,0.20221,26.842,23.638,25.24
1994,6,29,1.0546,28.697,24.042,26.37
1994,6,30,0.10921,29.265,24.275,26.77
1994,7,1,0.047588,29.527,24.463,26.995
1994,7,2,1.4715,30.39,24.387,27.388
1994,7,3,59.003,28.656,23.345,26
1994,7,4,11.735,27.941,23.041,25.491
1994,7,5,9.2705e-07,26.535,22.405,24.47
1994,7,6,0,28.629,24.009,26.319
1994,7,7,0.40637,29.609,25.079,27.344
1994,7,8,19.385,28.182,23.251,25.717
1994,7,9,33.759,26.312,22.4,24.356
1994,7,10,131.56,24.887,22.21,23.548
1994,7,11,79.847,25.081,22.627,23.854
1994,7,12,0,25.879,23.103,24.491
1994,7,13,0.033243,25.973,22.972,24.472
1994,7,14,2.0098,26.116,22.863,24.489
1994,7,15,0.99876,26.566,23.364,24.965
1994,7,16,14.491,27.026,23.25,25.138
1994,7,17,19.584,26.021,22.497,24.259
1994,7,18,0.22321,26.72,22.62,24.67
1994,7,19,1.7201,25.961,23.058,24.509
1994,7,20,25.39,27.355,22.932,25.144
1994,7,21,0.20722,25.564,22.675,24.12
1994,7,22,0.21432,26.433,22.887,24.66
1994,7,23,0.057593,27.33,23.474,25.402
1994,7,24,2.34,28.281,23.772,26.026
1994,7,25,0.0040835,28.882,24.201,26.542
1994,7,26,0,29.246,24.898,27.072
1994,7,27,2.6234,29.258,24.142,26.7
1994,7,28,6.8928,28.221,23.471,25.846
1994,7,29,20.9,27.438,23.166,25.302
1994,7,30,50.65,25.923,22.887,24.405
1994,7,31,5.4818,26,22.578,24.289
1994,8,1,1.5455,25.665,22.451,24.058
1994,8,2,0.82061,25.931,22.858,24.395
1994,8,3,0.57348,27.664,23.904,25.784
1994,8,4,33.524,26.921,23.327,25.124
1994,8,5,0.88319,27.007,23.307,25.157
1994,8,6,0.20913,28.131,23.888,26.01
1994,8,7,6.1825,25.794,22.631,24.213
1994,8,8,3.9005,26.06,22.908,24.484
1994,8,9,12.404,27.406,22.881,25.143
1994,8,10,31.348,26.776,22.435,24.606
1994,8,11,2.6116,25.388,22.658,24.023
1994,8,12,5.0431,25.99,22.76,24.375
1994,8,13,1.3395,26.993,23.334,25.164
1994,8,14,0,28.321,23.65,25.985
1994,8,15,1.344,28.86,23.753,26.306
1994,8,16,2.4474,28.018,23.599,25.808
1994,8,17,12.183,26.603,22.94,24.771
1994,8,18,68.252,26.704,23.36,25.032
1994,8,19,58.435,26.566,22.927,24.746
1994,8,20,0,27.585,22.897,25.241
1994,8,21,0.5661,30.022,23.895,26.958
1994,8,22,5.0632,28.819,22.952,25.885
1994,8,23,9.0728,27.452,22.39,24.921
1994,8,24,1.8554,28.877,23.109,25.993
1994,8,25,5.4934,28.696,23.334,26.015
1994,8,26,4.634,27.235,22.441,24.838
1994,8,27,2.1694,25.44,21.787,23.614
1994,8,28,12.449,26.286,22.284,24.285
1994,8,29,63.931,25.77,22.096,23.933
1994,8,30,122.24,25.191,21.888,23.54
1994,8,31,0.59584,26.284,21.955,24.119
1994,9,1,3.3413,26.442,22.56,24.501
1994,9,2,27.59,26.813,22.46,24.636
1994,9,3,10.85,26.231,22.242,24.236
1994,9,4,92.199,25.951,22.459,24.205
1994,9,5,78.18,25.841,22.051,23.946
1994,9,6,1.2401,25.785,21.871,23.828
1994,9,7,0,27.922,22.514,25.218
1994,9,8,0,29.448,23.218,26.333
1994,9,9,0.13751,30.129,24.204,27.167
1994,9,10,0.15834,30.345,23.591,26.968
1994,9,11,1.7449,29.505,23.427,26.466
1994,9,12,1.654,30.045,23.707,26.876
1994,9,13,0,29.861,22.916,26.389
1994,9,14,24.25,29.706,23.02,26.363
1994,9,15,2.5587,29.188,23.102,26.145
1994,9,16,9.0263,29.526,23.553,26.54
1994,9,17,26.462,28.438,23.129,25.784
1994,9,18,2.2518,28.283,22.898,25.59
1994,9,19,3.4714,28.363,22.638,25.5
1994,9,20,0,29.184,23.183,26.184
1994,9,21,0,29.905,22.222,26.064
1994,9,22,7.6377,29.702,21.573,25.638
1994,9,23,0.11426,29.897,22.24,26.068
1994,9,24,3.1046,30.652,23.179,26.915
1994,9,25,6.7057,30.353,22.685,26.519
1994,9,26,0,31.03,22.955,26.993
1994,9,27,0,30.986,22.22,26.603
1994,9,28,0,30.815,21.253,26.034
1994,9,29,0,30.665,21.314,25.989
1994,9,30,0,30.501,21.33,25.916
1994,10,1,0.11902,30.374,21.988,26.181
1994,10,2,0.088606,30.698,22.517,26.608
1994,10,3,33.062,30.507,22.369,26.438
1994,10,4,9.2346,29.932,22.898,26.415
1994,10,5,10.523,29.618,22.755,26.186
1994,10,6,1.5522,27.795,21.771,24.783
1994,10,7,0.70775,26.752,21.301,24.027
1994,10,8,2.2717,26.64,21.629,24.134
1994,10,9,2.4116,28.005,21.507,24.756
1994,10,10,0.10481,29.128,21.824,25.476
1994,10,11,2.8859,29.734,21.321,25.527
1994,10,12,0.06663,30.439,20.994,25.717
1994,10,13,7.0989,30.463,20.673,25.568
1994,10,14,0.021649,30.616,20.884,25.75
1994,10,15,0,30.146,21.307,25.726
1994,10,16,8.6494,29.835,21.289,25.562
1994,10,17,10.578,29.913,21.073,25.493
1994,10,18,1.0814,29.335,19.842,24.588
1994,10,19,0,27.813,20.287,24.05
1994,10,20,1.3597,29.094,21.798,25.446
1994,10,21,3.8765,29.059,21.605,25.332
1994,10,22,7.3142,29.02,21.102,25.061
1994,10,23,0,28.47,20.857,24.664
1994,10,24,2.7308,28.65,20.948,24.799
1994,10,25,0.029767,29.321,20.856,25.088
1994,10,26,0.47459,29.234,20.369,24.801
1994,10,27,0.059349,29.341,19.653,24.497
1994,10,28,0,29.576,19.795,24.686
1994,10,29,0,29.032,19.824,24.428
1994,10,30,0,29.242,19.962,24.602
1994,10,31,0,29.571,20.541,25.056
1994,11,1,0.41043,27.242,20.056,23.649
1994,11,2,7.9235,24.075,16.798,20.437
1994,11,3,3.0061,22.746,16.515,19.631
1994,11,4,0.00020903,25.474,18.644,22.059
1994,11,5,0,27.633,19.405,23.519
1994,11,6,0.0030192,27.848,20.016,23.932
1994,11,7,0,28.603,19.554,24.078
1994,11,8,0,28.679,19.129,23.904
1994,11,9,0.0083782,27.736,18.157,22.947
1994,11,10,0,28.158,18.461,23.31
1994,11,11,0,28.188,17.752,22.97
1994,11,12,0,28.542,18.287,23.415
1994,11,13,0,28.802,18.842,23.822
1994,11,14,0,28.427,18.004,23.216
1994,11,15,0,28.451,18.69,23.57
1994,11,16,0,27.021,18.286,22.654
1994,11,17,0,27.9,18.16,23.03
1994,11,18,0,27.883,16.567,22.225
1994,11,19,0,26.467,14.583,20.525
1994,11,20,0,26.336,14.087,20.212
1994,11,21,0,26.3,15.49,20.895
1994,11,22,0.089363,26.12,15.84,20.98
1994,11,23,0.13098,26.158,15.877,21.018
1994,11,24,0,26.267,15.482,20.874
1994,11,25,0,25.513,14.162,19.838
1994,11,26,0,25.345,13.516,19.43
1994,11,27,0,25.633,13.441,19.537
1994,11,28,0,26.138,13.64,19.889
1994,11,29,0,27.048,13.996,20.522
1994,11,30,0,27.277,14.43,20.854
1994,12,1,0.012867,27.19,14.868,21.029
1994,12,2,0,27.388,14.429,20.909
1994,12,3,0,27.28,13.939,20.609
1994,12,4,0,27.024,14.185,20.605
1994,12,5,0,26.71,14.103,20.406
1994,12,6,0,25.501,12.886,19.194
1994,12,7,0,25.861,12.335,19.098
1994,12,8,0,26.055,12.388,19.221
1994,12,9,0,26.854,13.33,20.092
1994,12,10,0,27.349,13.821,20.585
1994,12,11,0,27.892,13.358,20.625
1994,12,12,0,27.506,14.02,20.763
1994,12,13,0,26.472,14.607,20.54
1994,12,14,0,26.52,13.504,20.012
1994,12,15,0,25.857,12.587,19.222
1994,12,16,0,25.504,12.093,18.798
1994,12,17,0,25.394,11.652,18.523
1994,12,18,0.33746,25.472,12.922,19.197
1994,12,19,0,25.565,13.099,19.332
1994,12,20,0,25.298,12.932,19.115
1994,12,21,0,25.015,12.344,18.68
1994,12,22,0,24.372,11.388,17.88
1994,12,23,0,23.816,10.969,17.392
1994,12,24,0,23.578,9.9885,16.783
1994,12,25,0,24.028,10.509,17.269
1994,12,26,0,24.619,11.355,17.987
1994,12,27,0,24.919,11.796,18.358
1994,12,28,0,25.457,12.39,18.923
1994,12,29,0,25.675,12.566,19.12
1994,12,30,0.037881,25.481,12.19,18.836
1994,12,31,0.016683,25.227,11.539,18.383
1995,1,1,0.18126,24.404,10.997,17.701
1995,1,2,0,24.972,10.271,17.622
1995,1,3,0,25.242,11.375,18.309
1995,1,4,0,26.336,13.05,19.693
1995,1,5,0,25.905,13.395,19.65
1995,1,6,0,24.748,14.619,19.684
1995,1,7,0,23.106,14.183,18.645
1995,1,8,24.781,23.545,15.077,19.311
1995,1,9,85.016,20.924,14.465,17.694
1995,1,10,7.0483,21.533,14.168,17.851
1995,1,11,0,22.438,13.6,18.019
1995,1,12,43.308,20.884,12.995,16.94
1995,1,13,0,20.541,11.587,16.064
1995,1,14,0,21.152,10.697,15.924
1995,1,15,0,22.032,11.9,16.966
1995,1,16,0,23.488,13.493,18.49
1995,1,17,0.86558,21.433,13.826,17.629
1995,1,18,0,20.592,11.828,16.21
1995,1,19,0,22.835,11.004,16.919
1995,1,20,0,23.541,11.268,17.404
1995,1,21,0.13439,24.77,13.876,19.323
1995,1,22,0,25.351,12.101,18.726
1995,1,23,0.021656,25.493,13.854,19.674
1995,1,24,0,24.6,12.778,18.689
1995,1,25,0,24.452,11.666,18.059
1995,1,26,0,24.846,11.727,18.286
1995,1,27,0,25,11.262,18.131
1995,1,28,0,25.234,11.908,18.571
1995,1,29,0,25.084,11.535,18.309
1995,1,30,0,25.055,11.485,18.27
1995,1,31,0,25.444,12.569,19.007
1995,2,1,0,25.272,12.595,18.934
1995,2,2,0,25.728,14.501,20.115
1995,2,3,0.040386,26.218,14.305,20.262
1995,2,4,0,26.778,15.65,21.214
1995,2,5,0,26.756,16.079,21.417
1995,2,6,0.1136,25.762,15.277,20.519
1995,2,7,0,26.149,15.279,20.714
1995,2,8,0,26.64,14.57,20.605
1995,2,9,0,27.171,14.698,20.935
1995,2,10,0,29.075,15.413,22.244
1995,2,11,0,29.897,15.441,22.669
1995,2,12,0,30.429,17.443,23.936
1995,2,13,0,30.496,17.96,24.228
1995,2,14,0,30.134,17.569,23.852
1995,2,15,0,29.738,16.36,23.049
1995,2,16,0,28.206,15.006,21.606
1995,2,17,2.0369e-06,27.756,14.225,20.99
1995,2,18,0.17976,29.11,17.135,23.123
1995,2,19,0,29.076,16.168,22.622
1995,2,20,0.026739,29.296,15.911,22.603
1995,2,21,0,29.714,15.376,22.545
1995,2,22,0.0080517,30.155,15.982,23.068
1995,2,23,0,30.735,17.568,24.151
1995,2,24,0,28.552,16.03,22.291
1995,2,25,0,28.3,15.266,21.783
1995,2,26,0,29.009,16.215,22.612
1995,2,27,3.704,30.1,17.965,24.032
1995,2,28,0,30.21,17.762,23.986
1995,3,1,0,31.091,18.566,24.829
1995,3,2,0,31.562,18.737,25.149
1995,3,3,0,32.357,19.733,26.045
1995,3,4,0,32.222,19.646,25.934
1995,3,5,0.0033282,33.017,20.248,26.632
1995,3,6,0,32.977,20.846,26.912
1995,3,7,0.21788,32.608,19.532,26.07
1995,3,8,0,30.53,18.815,24.672
1995,3,9,0,30.506,18.912,24.709
1995,3,10,0,30.469,18.596,24.533
1995,3,11,0.012489,30.849,19.93,25.389
1995,3,12,1.6059,30.432,20.078,25.255
1995,3,13,0.16033,30.033,18.93,24.481
1995,3,14,35.537,31.628,19.899,25.763
1995,3,15,0.016117,32.658,20.464,26.561
1995,3,16,4.5897,32.281,19.474,25.877
1995,3,17,0.71379,31.03,18.788,24.909
1995,3,18,0,32.298,19.786,26.042
1995,3,19,0.036451,33.391,20.548,26.969
1995,3,20,0,33.773,20.568,27.171
1995,3,21,0,34.858,21.272,28.065
1995,3,22,0,35.311,20.923,28.117
1995,3,23,0,35.542,20.434,27.988
1995,3,24,0,36.238,20.35,28.294
1995,3,25,0,36.27,21.191,28.731
1995,3,26,0.56372,34.132,20.121,27.126
1995,3,27,22.259,32.404,17.701,25.052
1995,3,28,0,31.961,19.978,25.969
1995,3,29,0.0011094,33.501,21.77,27.636
1995,3,30,0.048905,34.356,21.618,27.987
1995,3,31,0.041607,34.858,21.815,28.336
1995,4,1,0.37315,35.361,22.289,28.825
1995,4,2,0,35.051,23,29.026
1995,4,3,0.88621,34.829,22.664,28.747
1995,4,4,2.964,34.612,21.794,28.203
1995,4,5,1.1754,33.743,21.791,27.767
1995,4,6,1.1373,33.747,21.021,27.384
1995,4,7,1.0456,34.661,21.895,28.278
1995,4,8,0.28485,35.859,22.286,29.072
1995,4,9,0.007371,36.579,23.068,29.824
1995,4,10,0.3186,36.345,23.797,30.071
1995,4,11,0,35.076,23.064,29.07
1995,4,12,0,35.921,22.833,29.377
1995,4,13,0.0099999,36.575,22.5,29.537
1995,4,14,0,36.368,23.101,29.734
1995,4,15,0.23895,35.873,23.5,29.686
1995,4,16,9.3686,35.631,22.324,28.977
1995,4,17,0,35.725,22.558,29.142
1995,4,18,0,36.324,23.123,29.723
1995,4,19,0,37.051,23.698,30.374
1995,4,20,0.35698,37.022,23.266,30.144
1995,4,21,0.059736,35.219,22.503,28.861
1995,4,22,0.30813,36.475,24.016,30.246
1995,4,23,0.17528,37.199,24.145,30.672
1995,4,24,0.25505,37.672,24.452,31.062
1995,4,25,0.084041,38.126,24.882,31.504
1995,4,26,0.00042482,38.299,25.244,31.772
1995,4,27,0,38.48,24.788,31.634
1995,4,28,0,38.596,25.355,31.976
1995,4,29,0.26713,38.629,24.994,31.811
1995,4,30,0,37.544,25,31.272
1995,5,1,0,37.97,25.506,31.738
1995,5,2,0.36748,37.496,24.395,30.946
1995,5,3,19.324,35.75,24.131,29.94
1995,5,4,0,37.007,24.741,30.874
1995,5,5,0.054817,35.422,23.462,29.442
1995,5,6,3.409,36.959,25.283,31.121
1995,5,7,0.060002,34.632,25.116,29.874
1995,5,8,6.6099,32.531,22.951,27.741
1995,5,9,5.3467,31.034,22.542,26.788
1995,5,10,4.7397,30.265,22.889,26.577
1995,5,11,62.849,30.988,22.826,26.907
1995,5,12,46.952,30.752,23.32,27.036
1995,5,13,17.832,31.662,23.632,27.647
1995,5,14,15.046,33.204,24.4,28.802
1995,5,15,9.0726,32.742,23.237,27.99
1995,5,16,8.8635,32.356,23.589,27.973
1995,5,17,0,35.561,24.804,30.182
1995,5,18,0,36.004,24.092,30.048
1995,5,19,0,36.038,23.448,29.743
1995,5,20,0,37.088,25.072,31.08
1995,5,21,0,37.134,25.834,31.484
1995,5,22,0,37.12,25.916,31.518
1995,5,23,0,37.348,26.068,31.708
1995,5,24,4.1853,36.652,26.025,31.339
1995,5,25,0,36.33,25.453,30.891
1995,5,26,0.026318,36.33,25.317,30.824
1995,5,27,0,37.008,26.171,31.589
1995,5,28,0.62623,37.636,26.319,31.978
1995,5,29,2.3746,38.127,26.674,32.4
1995,5,30,0.22484,38.805,26.954,32.879
1995,5,31,0.48158,39.377,27.246,33.311
1995,6,1,0,39.918,27.599,33.759
1995,6,2,0.46439,40,27.494,33.747
1995,6,3,0,39.564,27.591,33.578
1995,6,4,0,38.759,28.389,33.574
1995,6,5,0,38.512,28.636,33.574
1995,6,6,2.9721,39.857,29.677,34.767
1995,6,7,0,39.438,29.088,34.263
1995,6,8,0,40.317,28.935,34.626
1995,6,9,0.03319,40.347,30.269,35.308
1995,6,10,0.43738,39.376,29.084,34.23
1995,6,11,0,38.022,28.695,33.359
1995,6,12,0.36593,37.94,28.444,33.192
1995,6,13,0.13144,37.378,28.246,32.812
1995,6,14,0.069635,37.159,28.643,32.901
1995,6,15,0.58646,36.798,28.122,32.46
1995,6,16,1.2131,36.484,28.251,32.368
1995,6,17,6.273,35.251,26.136,30.694
1995,6,18,3.3779,31.681,25.799,28.74
1995,6,19,2.8777,32.059,26.042,29.05
1995,6,20,3.6457,31.548,25.543,28.546
1995,6,21,30.76,30.978,24.751,27.864
1995,6,22,10.09,29.274,24.051,26.662
1995,6,23,1.1512,28.5,23.916,26.208
1995,6,24,8.1426,30.684,25.466,28.075
1995,6,25,0.35796,31.572,25.956,28.764
1995,6,26,17.093,31.495,24.654,28.075
1995,6,27,6.3068,30.413,24.229,27.321
1995,6,28,0,29.09,24.18,26.635
1995,6,29,0.44459,29.222,24.263,26.743
1995,6,30,0,29.296,24.541,26.918
1995,7,1,18.189,29.719,23.824,26.772
1995,7,2,3.6999,28.805,23.744,26.275
1995,7,3,0,30.648,24.978,27.813
1995,7,4,1.6163,32.394,25.727,29.061
1995,7,5,0,32.337,25.693,29.015
1995,7,6,0.37302,32.408,26,29.204
1995,7,7,0.0079489,31.853,25.701,28.777
1995,7,8,11.255,31.964,24.029,27.997
1995,7,9,0.053669,30.778,25.419,28.098
1995,7,10,1.1413,31.55,25.086,28.318
1995,7,11,10.222,29.627,24.185,26.906
1995,7,12,21.056,28.576,23.591,26.084
1995,7,13,0.25431,27.559,23.46,25.51
1995,7,14,5.6889,27.547,23.128,25.338
1995,7,15,6.4191,26.183,22.832,24.508
1995,7,16,3.0224,26.472,22.743,24.607
1995,7,17,2.3043,27.381,23.291,25.336
1995,7,18,25.461,26.49,22.484,24.487
1995,7,19,65.094,25.065,22.301,23.683
1995,7,20,40.021,25.162,21.894,23.528
1995,7,21,12.227,24.921,21.943,23.432
1995,7,22,55.634,25.385,22.411,23.898
1995,7,23,66.926,25.017,22.257,23.637
1995,7,24,101.94,26.185,22.675,24.43
1995,7,25,0.5664,26.341,22.15,24.246
1995,7,26,0.68305,28.832,23.518,26.175
1995,7,27,2.609,29.516,24.258,26.887
1995,7,28,4.3157,29.638,24.573,27.105
1995,7,29,33.793,28.879,22.769,25.824
1995,7,30,29.7,28.76,23.645,26.202
1995,7,31,0.093221,29.645,24.556,27.101
1995,8,1,7.6676,29.225,24.736,26.98
1995,8,2,8.9296,28.3,24.057,26.178
1995,8,3,18.204,27.389,23.069,25.229
1995,8,4,5.6038,27.508,23.246,25.377
1995,8,5,0.044765,28.615,24.262,26.439
1995,8,6,3.6949,29.199,24.322,26.761
1995,8,7,1.2969,28.52,24.33,26.425
1995,8,8,34.78,27.603,22.846,25.225
1995,8,9,51.188,26.491,22.723,24.607
1995,8,10,14.834,27.077,22.874,24.975
1995,8,11,0,30.095,24.252,27.173
1995,8,12,2.1551,29.984,24.286,27.135
1995,8,13,4.4746,29.237,23.687,26.462
1995,8,14,5.2233,29.231,23.691,26.461
1995,8,15,1.1746,29.915,24.504,27.209
1995,8,16,2.5266,30.155,24.66,27.407
1995,8,17,2.7485,29.552,23.936,26.744
1995,8,18,3.615,29.573,23.529,26.551
1995,8,19,0.78588,28.918,24.354,26.636
1995,8,20,5.5482,29.412,23.941,26.677
1995,8,21,2.0792,29.87,23.848,26.859
1995,8,22,0,30.22,24.586,27.403
1995,8,23,0.0040182,30.535,24.244,27.39
1995,8,24,0,30.215,23.724,26.97
1995,8,25,16.179,30.199,23.411,26.805
1995,8,26,2.9541,29.495,23.311,26.403
1995,8,27,11.73,28.729,23.235,25.982
1995,8,28,12.664,28.952,23.572,26.262
1995,8,29,9.9243,29.12,23.518,26.319
1995,8,30,11.189,28.851,23.344,26.097
1995,8,31,66.16,27.447,22.542,24.995
1995,9,1,118.89,27.646,22.799,25.223
1995,9,2,0.95602,27.277,23.056,25.167
1995,9,3,0,27.981,23.549,25.765
1995,9,4,0.38843,27.887,22.832,25.359
1995,9,5,0,28.626,22.697,25.661
1995,9,6,0.76494,28.371,22.578,25.475
1995,9,7,0.59307,30.01,23.077,26.544
1995,9,8,0,30.906,23.843,27.375
1995,9,9,16.653,30.707,23.951,27.329
1995,9,10,3.7419,31.182,23.937,27.56
1995,9,11,0.235,30.738,23.748,27.243
1995,9,12,1.3055,29.882,22.894,26.388
1995,9,13,0.28448,29.437,22.979,26.208
1995,9,14,0.26526,29.24,23.366,26.303
1995,9,15,2.4918,29.94,23.581,26.761
1995,9,16,51.548,29.871,23.062,26.467
1995,9,17,0.10647,29.077,22.701,25.889
1995,9,18,0.053422,28.577,22.992,25.785
1995,9,19,0.14838,29.426,23.015,26.221
1995,9,20,0.0005165,30.156,23.698,26.927
1995,9,21,0.60662,30.76,23.762,27.261
1995,9,22,17.5,30.675,23.035,26.855
1995,9,23,0,30.196,23.087,26.641
1995,9,24,0,30.799,23.245,27.022
1995,9,25,0,31.098,22.71,26.904
1995,9,26,0,30.465,23.127,26.796
1995,9,27,0,30.471,23.215,26.843
1995,9,28,3.3481,29.632,22.729,26.18
1995,9,29,1.1653,29.748,22.454,26.101
1995,9,30,1.0319,30.67,22.858,26.764
1995,10,1,0.142,30.998,23.043,27.02
1995,10,2,0,31.523,22.856,27.19
1995,10,3,0,31.556,22.82,27.188
1995,10,4,0,31.528,22.804,27.166
1995,10,5,0,31.256,22.216,26.736
1995,10,6,0,31.437,22.58,27.009
1995,10,7,0,30.834,21.657,26.245
1995,10,8,0.22247,29.636,21.238,25.437
1995,10,9,5.8504,28.704,21.836,25.27
1995,10,10,12.901,27.837,21.964,24.901
1995,10,11,1.2074,28.465,21.965,25.215
1995,10,12,4.1503,28.803,21.753,25.278
1995,10,13,3.713,29.187,21.679,25.433
1995,10,14,0.70777,29.783,21.587,25.685
1995,10,15,0.31747,29.849,21.621,25.735
1995,10,16,0,28.611,21.403,25.007
1995,10,17,0,28.995,21.859,25.427
1995,10,18,0,29.254,21.661,25.457
1995,10,19,5.7066,27.561,21.281,24.421
1995,10,20,7.1668,28.163,20.96,24.561
1995,10,21,12.513,27.372,20.546,23.959
1995,10,22,27.118,27.849,20.881,24.365
1995,10,23,29.904,28.608,20.111,24.359
1995,10,24,0.6571,28.73,20.052,24.391
1995,10,25,0,28.469,18.109,23.289
1995,10,26,0,28.225,18.365,23.295
1995,10,27,0,28.163,18.458,23.31
1995,10,28,0,28.225,18.417,23.321
1995,10,29,0,28.432,18.331,23.381
1995,10,30,0,28.803,18.685,23.744
1995,10,31,0,28.461,18.857,23.659
1995,11,1,0,28.395,19.612,24.004
1995,11,2,0,28.721,19.204,23.963
1995,11,3,0,28.907,18.274,23.591
1995,11,4,0,28.425,17.58,23.003
1995,11,5,0,28.038,16.199,22.119
1995,11,6,0,27.343,15.66,21.502
1995,11,7,0,27.341,15.535,21.438
1995,11,8,0.51842,27.275,17.825,22.55
1995,11,9,3.7086,26.452,18.197,22.325
1995,11,10,13.528,26.551,17.928,22.239
1995,11,11,0,27.645,17.735,22.69
1995,11,12,0,28.328,17.376,22.852
1995,11,13,0,28.557,16.846,22.701
1995,11,14,0,28.223,15.747,21.985
1995,11,15,1.9484,27.434,15.041,21.237
1995,11,16,0,27.611,15.199,21.405
1995,11,17,0,28.265,17.811,23.038
1995,11,18,0,28.272,18.549,23.41
1995,11,19,0,28.37,17.93,23.15
1995,11,20,0,28.076,17.568,22.822
1995,11,21,0,27.6,16.961,22.281
1995,11,22,0,27.622,17.444,22.533
1995,11,23,0,27.685,18.315,23
1995,11,24,0,26.836,17.644,22.24
1995,11,25,0,25.767,15.141,20.454
1995,11,26,0,26.951,15.015,20.983
1995,11,27,0,26.594,14.139,20.367
1995,11,28,0,26.808,14.748,20.778
1995,11,29,0,26.823,15.026,20.925
1995,11,30,0,26.594,15.244,20.919
1995,12,1,0,27.195,14.846,21.021
1995,12,2,0,26.922,15.115,21.018
1995,12,3,0,26.892,16.054,21.473
1995,12,4,0,26.723,16.687,21.705
1995,12,5,0.088386,26.833,16.016,21.424
1995,12,6,0.088386,26.846,14.56,20.703
1995,12,7,0,25.89,12.598,19.244
1995,12,8,0,25.617,11.962,18.789
1995,12,9,0,25.498,11.889,18.693
1995,12,10,0,25.645,12.412,19.029
1995,12,11,0,26.615,13.469,20.042
1995,12,12,0,26.428,12.897,19.663
1995,12,13,0,26.959,13.496,20.228
1995,12,14,0,27.179,13.295,20.237
1995,12,15,0,26.846,12.87,19.858
1995,12,16,0,26.995,13.449,20.222
1995,12,17,0,27.294,13.816,20.555
1995,12,18,0,27.445,14.02,20.732
1995,12,19,0,27.139,13.402,20.27
1995,12,20,0,26.775,13.055,19.915
1995,12,21,0,26.767,12.99,19.878
1995,12,22,0,27.189,13.46,20.325
1995,12,23,0,27.339,14.225,20.782
1995,12,24,0,27.246,14.495,20.871
1995,12,25,0,26.628,14.904,20.766
1995,12,26,0,26.032,14.602,20.317
1995,12,27,0,25.683,14.66,20.171
1995,12,28,0,26.213,14.242,20.227
1995,12,29,0,26.237,14.219,20.228
1995,12,30,0,26.032,13.701,19.866
1995,12,31,0,25.776,14.336,20.056
1996,1,1,0,25.025,14.463,19.744
1996,1,2,0,25.078,14.316,19.697
1996,1,3,0,25.009,14.7,19.855
1996,1,4,0.019592,25.729,14.961,20.345
1996,1,5,0.11979,26.272,14.842,20.557
1996,1,6,0.11986,25.758,15.075,20.417
1996,1,7,0,26.435,14.623,20.529
1996,1,8,0.02449,26.735,15.568,21.152
1996,1,9,0,26.287,16.276,21.282
1996,1,10,0.054107,25.991,15.879,20.935
1996,1,11,0.59065,25.595,14.807,20.201
1996,1,12,0.74313,26.065,15.385,20.725
1996,1,13,0,26.101,15.323,20.712
1996,1,14,0,26.456,15.686,21.071
1996,1,15,0,26.833,15.653,21.243
1996,1,16,0,27.134,16.38,21.757
1996,1,17,0,27.103,15.764,21.434
1996,1,18,0,27.591,16.049,21.82
1996,1,19,0,27.576,15.952,21.764
1996,1,20,0,27.666,16.118,21.892
1996,1,21,0,27.856,16.014,21.935
1996,1,22,0,27.904,15.891,21.897
1996,1,23,0,27.568,14.979,21.273
1996,1,24,0,27.92,14.572,21.246
1996,1,25,0,27.813,13.257,20.535
1996,1,26,0,28.275,13.35,20.812
1996,1,27,0,27.999,14.714,21.356
1996,1,28,0,27.55,15.539,21.545
1996,1,29,0,28.214,15.729,21.971
1996,1,30,0,27.821,15.54,21.68
1996,1,31,0,28.268,16.407,22.337
1996,2,1,0,27.79,15.099,21.444
1996,2,2,0,28.719,15.327,22.023
1996,2,3,0.3809,28.78,15.876,22.328
1996,2,4,3.2977,28.08,15.407,21.743
1996,2,5,0,28.456,16.124,22.29
1996,2,6,0,28.554,15.211,21.883
1996,2,7,0,28.494,14.612,21.553
1996,2,8,0,28.493,15.44,21.967
1996,2,9,0,28.174,15.304,21.739
1996,2,10,0,27.191,15,21.095
1996,2,11,4.0695,26.326,14.854,20.59
1996,2,12,17.833,26.98,15.453,21.216
1996,2,13,0,26.88,14.542,20.711
1996,2,14,0,27.862,15.154,21.508
1996,2,15,0,28.456,15.806,22.131
1996,2,16,0,29.191,16.9,23.046
1996,2,17,0,29.554,16.475,23.014
1996,2,18,0,29.749,16.142,22.946
1996,2,19,0,30.561,15.435,22.998
1996,2,20,0,30.869,17.821,24.345
1996,2,21,0,30.354,17.502,23.928
1996,2,22,0,31.298,18.775,25.036
1996,2,23,0,32.122,19.541,25.831
1996,2,24,0,32.83,20.115,26.473
1996,2,25,0,32.88,20.189,26.534
1996,2,26,0.055111,31.858,18.936,25.397
1996,2,27,0,31.84,17.726,24.783
1996,2,28,0.12932,31.309,17.975,24.642
1996,2,29,0,32.232,17.374,24.803
1996,3,1,0.17306,31.526,17.123,24.324
1996,3,2,0,31.54,18.285,24.912
1996,3,3,9.5615,31.209,17.482,24.345
1996,3,4,6.5037,30.014,17.019,23.517
1996,3,5,0,29.944,17.262,23.603
1996,3,6,0,30.967,18.037,24.502
1996,3,7,0,31.556,17.917,24.737
1996,3,8,0,31.937,18.12,25.028
1996,3,9,0,33.069,18.729,25.899
1996,3,10,0.19845,33.631,19.146,26.388
1996,3,11,0,33.737,19.55,26.643
1996,3,12,0,33.701,19.367,26.534
1996,3,13,0,34.148,20.071,27.11
1996,3,14,0,34.965,20.759,27.862
1996,3,15,0,34.291,20.867,27.579
1996,3,16,0,34.066,20.652,27.359
1996,3,17,0,33.718,20.753,27.236
1996,3,18,0,34.661,20.419,27.54
1996,3,19,0,33.391,19.925,26.658
1996,3,20,0,34.433,19.38,26.906
1996,3,21,0,34.917,20.185,27.551
1996,3,22,0,35.434,20.991,28.213
1996,3,23,0,35.14,21.854,28.497
1996,3,24,0.11458,35.073,21.546,28.309
1996,3,25,0.014729,34.677,21.702,28.189
1996,3,26,0,34.917,22.579,28.748
1996,3,27,0,35.951,23.32,29.636
1996,3,28,0,36.77,23.339,30.055
1996,3,29,0,37.205,24.375,30.79
1996,3,30,0,36.665,24.692,30.679
1996,3,31,0.38872,36.044,24.242,30.143
1996,4,1,0.043672,35.66,22.612,29.136
1996,4,2,0.015167,35.06,21.304,28.182
1996,4,3,0,35.491,22.931,29.211
1996,4,4,0,34.841,22.792,28.816
1996,4,5,0,34.936,22.912,28.924
1996,4,6,0,34.548,22.238,28.393
1996,4,7,0,34.396,22.173,28.285
1996,4,8,0,34.43,22.693,28.561
1996,4,9,0,35.851,23.673,29.762
1996,4,10,0.018495,35.814,23.768,29.791
1996,4,11,0,35.577,23.743,29.66
1996,4,12,0.006758,35.666,23.431,29.548
1996,4,13,0.15962,34.939,23.073,29.006
1996,4,14,2.5868,34.021,22.316,28.168
1996,4,15,0.32442,33.599,22.724,28.162
1996,4,16,0.80597,34.974,22.95,28.962
1996,4,17,10.716,34.201,23.436,28.819
1996,4,18,0,35.646,24.568,30.107
1996,4,19,0,35.944,24.967,30.456
1996,4,20,8.3339,36.655,24.114,30.385
1996,4,21,0.12628,36.528,24.481,30.505
1996,4,22,0,36.592,25.391,30.991
1996,4,23,0.25609,36.591,24.832,30.711
1996,4,24,0,35.685,24.136,29.91
1996,4,25,11.798,36.058,22.525,29.292
1996,4,26,0.48322,36.03,22.716,29.373
1996,4,27,0,37.037,25.741,31.389
1996,4,28,0,37.836,27.068,32.452
1996,4,29,0.0051985,38.674,27.419,33.046
1996,4,30,0.037917,38.981,27.18,33.08
1996,5,1,0,38.593,25.408,32.001
1996,5,2,0,38.178,25.483,31.831
1996,5,3,0,38.918,26.185,32.552
1996,5,4,0,38.421,25.982,32.202
1996,5,5,0,38.086,25.34,31.713
1996,5,6,0,37.94,26.332,32.136
1996,5,7,0.17844,38.386,26.243,32.315
1996,5,8,0.070597,38.499,27.4,32.95
1996,5,9,0.45434,38.661,25.594,32.128
1996,5,10,0,39.064,28.001,33.533
1996,5,11,0,39.432,27.256,33.344
1996,5,12,0,39.594,26.336,32.965
1996,5,13,0,39.702,27.061,33.382
1996,5,14,0,39.294,27.596,33.445
1996,5,15,0,39.84,28.085,33.962
1996,5,16,0,39.803,27.371,33.587
1996,5,17,0,39.495,27.613,33.554
1996,5,18,0,38.943,27.917,33.43
1996,5,19,0.73431,38.795,25.262,32.028
1996,5,20,0,36.517,25.605,31.061
1996,5,21,0.014218,38.304,26.612,32.458
1996,5,22,0.020601,38.182,26.98,32.581
1996,5,23,6.0705e-08,38.297,26.637,32.467
1996,5,24,0.95603,38.665,27.765,33.215
1996,5,25,0.59345,39.015,28.302,33.659
1996,5,26,1.8794,39.301,28.922,34.112
1996,5,27,0.22953,38.884,28.763,33.823
1996,5,28,0.2473,39.31,28.595,33.953
1996,5,29,0.030661,39.737,28.523,34.13
1996,5,30,0,40.238,28.804,34.521
1996,5,31,0.57491,39.651,29.076,34.364
1996,6,1,0,38.549,26.135,32.342
1996,6,2,0,37.236,27.977,32.607
1996,6,3,0,37.809,28.151,32.98
1996,6,4,0.11556,37.539,27.969,32.754
1996,6,5,0,37.831,27.167,32.499
1996,6,6,0.17659,36.217,27.196,31.707
1996,6,7,0.10079,37.817,26.538,32.177
1996,6,8,0,36.248,27.05,31.649
1996,6,9,0.057715,34.754,25.617,30.186
1996,6,10,6.8611,33.481,25.714,29.597
1996,6,11,0.55163,34.196,25.023,29.61
1996,6,12,0.36163,32.41,25.443,28.927
1996,6,13,0.42283,33.723,26.037,29.88
1996,6,14,2.3313,32.193,25.201,28.697
1996,6,15,3.31,31.148,25.322,28.235
1996,6,16,0.66234,32.054,24.562,28.308
1996,6,17,5.3605,29.844,23.964,26.904
1996,6,18,50.754,29.279,24.787,27.033
1996,6,19,0,30.684,25.259,27.971
1996,6,20,1.5213e-07,30.912,25.012,27.962
1996,6,21,0.096877,31.781,26.096,28.939
1996,6,22,0,31.486,26.58,29.033
1996,6,23,0.32211,31.82,26.341,29.08
1996,6,24,0.16036,31.602,25.543,28.572
1996,6,25,0.024221,32.078,26.253,29.166
1996,6,26,1.7962,31.837,25.297,28.567
1996,6,27,4.5898,31.498,24.998,28.248
1996,6,28,0.47284,29.068,24.399,26.733
1996,6,29,4.718,30.427,24.527,27.477
1996,6,30,0.93605,29.545,24.647,27.096
1996,7,1,0.25338,30.729,25.176,27.953
1996,7,2,0.86047,32.151,26.045,29.098
1996,7,3,12.913,31.881,25.419,28.65
1996,7,4,0.77673,30.948,24.756,27.852
1996,7,5,1.4523,30.438,25.256,27.847
1996,7,6,10.601,29.466,23.875,26.671
1996,7,7,27.114,28.446,23.492,25.969
1996,7,8,1.3508,26.897,23.091,24.994
1996,7,9,0.22046,28.322,23.759,26.04
1996,7,10,0.083819,29.432,24.355,26.894
1996,7,11,7.0339,29.783,24.996,27.39
1996,7,12,0.0036469,30.453,24.007,27.23
1996,7,13,7.214,30.136,23.893,27.014
1996,7,14,17.651,29.602,24.299,26.951
1996,7,15,22.626,28.562,23.522,26.042
1996,7,16,30.503,28.517,24.224,26.37
1996,7,17,4.2544,29.339,24.49,26.915
1996,7,18,6.5479,29.969,24.76,27.365
1996,7,19,35.881,29.882,23.822,26.852
1996,7,20,10.714,28.798,23.524,26.161
1996,7,21,44.299,25.795,23.065,24.43
1996,7,22,30.882,24.905,22.492,23.698
1996,7,23,10.266,25.75,23.333,24.542
1996,7,24,1.5509,27.626,24.186,25.906
1996,7,25,16.009,27.746,23.116,25.431
1996,7,26,40.439,26.708,22.998,24.853
1996,7,27,1.2958,27.184,22.45,24.817
1996,7,28,0.33026,27.863,23.066,25.465
1996,7,29,3.4398,28.811,23.142,25.976
1996,7,30,0.13405,29.213,23.883,26.548
1996,7,31,34.459,27.313,23.041,25.177
1996,8,1,64.745,27.601,23.138,25.369
1996,8,2,54.077,26.245,23.103,24.674
1996,8,3,5.5351,26.568,23.3,24.934
1996,8,4,2.0147,28.468,24.31,26.389
1996,8,5,0.60758,28.037,24.33,26.184
1996,8,6,16.366,27.665,23.264,25.465
1996,8,7,2.5426,27.597,23.796,25.696
1996,8,8,0.35878,27.191,22.768,24.98
1996,8,9,3.5665,26.845,22.244,24.544
1996,8,10,5.3973,26.732,23.137,24.934
1996,8,11,2.8398,27.937,23.682,25.81
1996,8,12,19.818,28.365,23.876,26.12
1996,8,13,5.5035,29.033,23.864,26.449
1996,8,14,14.716,28,23.754,25.877
1996,8,15,19.756,28.9,23.969,26.434
1996,8,16,53.574,28.264,24.011,26.138
1996,8,17,24.316,27.741,23.567,25.654
1996,8,18,1.9948,28.346,23.801,26.074
1996,8,19,19.508,27.573,22.717,25.145
1996,8,20,17.373,26.943,23.096,25.019
1996,8,21,1.1009,26.405,22.615,24.51
1996,8,22,1.8962,28.132,23.497,25.815
1996,8,23,24.235,27.713,22.908,25.31
1996,8,24,13.805,28.591,22.479,25.535
1996,8,25,11.151,28.57,22.37,25.47
1996,8,26,0.17124,28.027,22.747,25.387
1996,8,27,12.159,27.873,22.209,25.041
1996,8,28,6.1772,26.642,22.688,24.665
1996,8,29,1.7691,27.655,23.462,25.558
1996,8,30,6.1304,28.523,24.125,26.324
1996,8,31,11.262,27.989,23.276,25.632
1996,9,1,2.4481,29.047,23.537,26.292
1996,9,2,6.5857,28.675,23.233,25.954
1996,9,3,10.25,28.292,23.056,25.674
1996,9,4,0.79535,28.864,23.086,25.975
1996,9,5,1.5636,28.864,22.682,25.773
1996,9,6,21.559,27.315,22.272,24.794
1996,9,7,2.3985,27.492,22.151,24.822
1996,9,8,2.3742,26.657,22.922,24.789
1996,9,9,25.582,27.745,22.977,25.361
1996,9,10,0,29.285,23.502,26.394
1996,9,11,39.189,29.772,22.873,26.323
1996,9,12,11.306,29.115,23.056,26.086
1996,9,13,0.72629,29.77,23.657,26.713
1996,9,14,0.44978,30.248,24.035,27.141
1996,9,15,0.088541,30.483,23.494,26.989
1996,9,16,0.52198,30.472,23.34,26.906
1996,9,17,0.39181,30.038,23.619,26.829
1996,9,18,1.4807,29.9,24.052,26.976
1996,9,19,2.3825,30.524,23.275,26.899
1996,9,20,3.9379,30.401,22.128,26.265
1996,9,21,4.6157,30.531,22.934,26.732
1996,9,22,4.3185,30.8,22.909,26.854
1996,9,23,2.5127,30.224,22.373,26.299
1996,9,24,3.921,30.829,22.963,26.896
1996,9,25,1.1035,31.205,23.383,27.294
1996,9,26,5.9346,31.875,23.816,27.846
1996,9,27,4.1693,30.99,23.563,27.277
1996,9,28,0.69052,29.828,22.51,26.169
1996,9,29,0.90921,30.278,22.912,26.595
1996,9,30,18.541,29.305,21.865,25.585
1996,10,1,18.255,28.804,22.56,25.682
1996,10,2,0.65794,29.097,22.618,25.858
1996,10,3,0.44128,28.134,22.329,25.232
1996,10,4,0.22471,27.713,22.685,25.199
1996,10,5,0.00083816,28.749,23.139,25.944
1996,10,6,0.064188,29.619,23.235,26.427
1996,10,7,0.65437,30.227,22.625,26.426
1996,10,8,0.23954,30.268,22.369,26.319
1996,10,9,0,29.607,21.172,25.39
1996,10,10,0.97521,29.788,21.266,25.527
1996,10,11,0,29.563,21.027,25.295
1996,10,12,0.89738,29.644,20.361,25.002
1996,10,13,0,29.773,20.387,25.08
1996,10,14,1.0271,29.598,20.807,25.203
1996,10,15,0.38438,29.566,20.801,25.184
1996,10,16,0,29.468,20.38,24.924
1996,10,17,0,29.969,20.09,25.029
1996,10,18,1.6899,28.574,20.456,24.515
1996,10,19,0.43518,26.545,20.715,23.63
1996,10,20,0,27.11,21.067,24.088
1996,10,21,0,27.87,20.577,24.223
1996,10,22,0,28.729,20.996,24.863
1996,10,23,9.5171,29.308,21.24,25.274
1996,10,24,10.34,28.917,21.099,25.008
1996,10,25,0,29.136,20.448,24.792
1996,10,26,0,29.359,21.368,25.363
1996,10,27,0,27.466,21.011,24.239
1996,10,28,3.3644,28.365,21.103,24.734
1996,10,29,0,29.433,20.987,25.21
1996,10,30,0,29.773,19.666,24.719
1996,10,31,0,29.229,19.504,24.366
1996,11,1,0.028588,29.617,19.476,24.546
1996,11,2,0.042882,29.502,17.917,23.71
1996,11,3,0.071589,29.732,16.271,23.001
1996,11,4,0.072491,28.718,15.851,22.285
1996,11,5,0.072491,29.158,16.716,22.937
1996,11,6,0,29.872,19.644,24.758
1996,11,7,0.040251,27.885,19.225,23.555
1996,11,8,0.87366,27.699,19.76,23.73
1996,11,9,0.16245,28.743,18.73,23.736
1996,11,10,0.7134,29.349,19.29,24.32
1996,11,11,0.048877,30.036,20.459,25.248
1996,11,12,3.5891,29.753,20.067,24.91
1996,11,13,1.0553,29.265,19.331,24.298
1996,11,14,0,29.25,18.345,23.797
1996,11,15,0,28.576,17.365,22.971
1996,11,16,0,28.328,16.403,22.366
1996,11,17,0,27.551,15.228,21.389
1996,11,18,0,27.199,14.725,20.962
1996,11,19,0,26.85,14.095,20.473
1996,11,20,0.00083974,26.606,13.888,20.247
1996,11,21,0.0024516,27.087,15.958,21.522
1996,11,22,0.00050383,26.876,16.782,21.829
1996,11,23,0,27.515,17.568,22.541
1996,11,24,0,27.38,15.349,21.365
1996,11,25,0,27.4,14.351,20.875
1996,11,26,0,27.45,14.663,21.056
1996,11,27,0,27.217,14.88,21.048
1996,11,28,0,26.868,14.477,20.672
1996,11,29,0,26.692,13.857,20.275
1996,11,30,0,25.419,11.194,18.306
1996,12,1,0,25.628,11.135,18.382
1996,12,2,0,25.407,12.386,18.896
1996,12,3,0.40834,25.794,14.283,20.038
1996,12,4,5.348e-07,25.565,16.184,20.874
1996,12,5,0,24.516,16.669,20.593
1996,12,6,0,25.814,17.551,21.682
1996,12,7,0,26.64,16.78,21.71
1996,12,8,0.00037533,26.522,14.533,20.528
1996,12,9,0.041165,25.139,11.585,18.362
1996,12,10,0,24.982,11.519,18.251
1996,12,11,0,24.994,10.897,17.946
1996,12,12,0,25.188,12.17,18.679
1996,12,13,0,25.457,16.405,20.931
1996,12,14,0,25.37,15.62,20.495
1996,12,15,0,26.606,14.509,20.558
1996,12,16,0,27.427,15.244,21.336
1996,12,17,0,27.284,16.193,21.738
1996,12,18,0,25.975,13.943,19.959
1996,12,19,0,26.006,12.232,19.119
1996,12,20,0,25.034,11.479,18.257
1996,12,21,0,24.858,11.691,18.274
1996,12,22,0,25.032,11.081,18.056
1996,12,23,0,25.195,11.136,18.165
1996,12,24,0,25.341,11.103,18.222
1996,12,25,0.00068812,25.226,11.514,18.37
1996,12,26,0.00087578,25.182,11.449,18.316
1996,12,27,0,26.132,11.884,19.008
1996,12,28,0,26.069,12.031,19.05
1996,12,29,0,26.038,12.406,19.222
1996,12,30,0,25.467,11.485,18.476
1996,12,31,0,24.692,11.147,17.92
1997,1,1,0,24.383,10.399,17.391
1997,1,2,0,24.669,9.6306,17.15
1997,1,3,0,24.553,10.15,17.352
1997,1,4,0,24.82,10.49,17.655
1997,1,5,0,25.131,10.893,18.012
1997,1,6,0,24.595,11.332,17.964
1997,1,7,0,24.865,11.033,17.949
1997,1,8,0,24.567,12.435,18.501
1997,1,9,0.044739,22.949,13.714,18.331
1997,1,10,0.023526,23.148,14.937,19.042
1997,1,11,0.64033,24.352,15.018,19.685
1997,1,12,2.3532,25.576,15.771,20.673
1997,1,13,0.47847,25.443,14.688,20.065
1997,1,14,4.1306,25.217,15.462,20.34
1997,1,15,2.1056,25.115,16.3,20.707
1997,1,16,2.0327,24.566,14.399,19.483
1997,1,17,0,25.365,13.089,19.227
1997,1,18,0,25.096,12.073,18.584
1997,1,19,0.076127,25.462,12.379,18.92
1997,1,20,0,25.231,14.381,19.806
1997,1,21,0.010144,25.656,14.608,20.132
1997,1,22,0,24.559,12.862,18.71
1997,1,23,0,23.728,9.7375,16.733
1997,1,24,0,24.489,10.515,17.502
1997,1,25,0,25.437,11.547,18.492
1997,1,26,0,25.738,12.509,19.124
1997,1,27,0,26.112,13.442,19.777
1997,1,28,0,26.514,13.962,20.238
1997,1,29,0,26.734,14.592,20.663
1997,1,30,0,26.546,14.914,20.73
1997,1,31,0,27.492,16.174,21.833
1997,2,1,0,27.577,15.6,21.588
1997,2,2,0,27.353,14.699,21.026
1997,2,3,0,28.104,16.247,22.176
1997,2,4,0,27.692,15.914,21.803
1997,2,5,0,27.661,15.855,21.758
1997,2,6,0,27.738,14.97,21.354
1997,2,7,0,27.378,13.885,20.632
1997,2,8,0,26.93,12.708,19.819
1997,2,9,0.0011253,27.837,14.636,21.236
1997,2,10,0.0036014,28.508,15.848,22.178
1997,2,11,0.0013129,28.376,15.07,21.723
1997,2,12,0,28.158,12.561,20.36
1997,2,13,0,27.715,12.096,19.905
1997,2,14,0.077774,28.372,12.263,20.318
1997,2,15,0.035757,29.575,13.116,21.345
1997,2,16,0.13471,30.002,14.686,22.344
1997,2,17,0,30.092,15.388,22.74
1997,2,18,0,29.989,15.573,22.781
1997,2,19,0,29.979,17.054,23.516
1997,2,20,0,29.296,17.02,23.158
1997,2,21,0,29.169,16.621,22.895
1997,2,22,0,29.239,16.631,22.935
1997,2,23,0,28.681,14.909,21.795
1997,2,24,0,29.289,14.655,21.972
1997,2,25,0,30.122,15.555,22.838
1997,2,26,0,31.001,16.359,23.68
1997,2,27,0,31.713,17.186,24.45
1997,2,28,0,31.407,16.628,24.017
1997,3,1,0,31.809,17.286,24.548
1997,3,2,0,31.891,16.292,24.092
1997,3,3,0,32.127,16.167,24.147
1997,3,4,0,32.429,16.681,24.555
1997,3,5,0,33.095,16.373,24.734
1997,3,6,0,33.146,17.453,25.3
1997,3,7,0,32.417,17.669,25.043
1997,3,8,0,32.791,17.817,25.304
1997,3,9,0.059914,33.478,18.54,26.009
1997,3,10,0.072158,33.87,19.42,26.645
1997,3,11,0,33.995,19.486,26.741
1997,3,12,0,34.269,19.437,26.853
1997,3,13,0,34.48,20.529,27.504
1997,3,14,0,34.694,21.273,27.983
1997,3,15,0,34.638,21.437,28.038
1997,3,16,0,34.991,21.352,28.172
1997,3,17,0,35.398,21.441,28.419
1997,3,18,0,34.853,21.502,28.178
1997,3,19,0,35.337,22.005,28.671
1997,3,20,0,35.318,21.841,28.58
1997,3,21,0,35.379,22.246,28.813
1997,3,22,0,35.121,21.793,28.457
1997,3,23,0.18806,35.022,22.016,28.519
1997,3,24,0.16624,34.115,21.266,27.69
1997,3,25,0.72354,31.257,20.145,25.701
1997,3,26,18.977,32.175,19.456,25.815
1997,3,27,1.8593,32.543,20.848,26.696
1997,3,28,0.11139,33.467,21.191,27.329
1997,3,29,17.982,33.942,23.049,28.496
1997,3,30,0.060561,33.335,21.54,27.437
1997,3,31,0.10776,34.031,22.119,28.075
1997,4,1,0,34.704,22.044,28.374
1997,4,2,4.1897,34.511,21.184,27.848
1997,4,3,48.884,33.797,21.776,27.787
1997,4,4,77.145,30.618,20.087,25.353
1997,4,5,1.1363,31.129,19.155,25.142
1997,4,6,0,31.113,20.427,25.77
1997,4,7,0,32.554,20.201,26.377
1997,4,8,0,33.557,21.011,27.284
1997,4,9,0.14907,34.598,22.001,28.3
1997,4,10,0.11789,34.823,21.537,28.18
1997,4,11,0,34.946,21.98,28.463
1997,4,12,0.10979,35.041,21.156,28.099
1997,4,13,0,34.825,21.705,28.265
1997,4,14,0,36.197,23.653,29.925
1997,4,15,0.28393,36.477,24.816,30.646
1997,4,16,0.022771,36.14,24.827,30.484
1997,4,17,1.838,34.624,21.125,27.875
1997,4,18,0,34.204,22.665,28.434
1997,4,19,0,34.488,21.356,27.922
1997,4,20,0,34.048,21.89,27.969
1997,4,21,0,35.084,22.483,28.783
1997,4,22,0,34.937,22.946,28.942
1997,4,23,0,35.236,22.926,29.081
1997,4,24,0,35.625,23.143,29.384
1997,4,25,0.86511,35.689,23.562,29.625
1997,4,26,0.62724,36.073,24.497,30.285
1997,4,27,0,35.871,24.647,30.259
1997,4,28,14.597,35.636,24.316,29.976
1997,4,29,0,35.897,24.342,30.12
1997,4,30,0,36.31,23.542,29.926
1997,5,1,0.53521,34.159,23.679,28.919
1997,5,2,0.373,35.297,24.389,29.843
1997,5,3,0.0078116,35.618,23.802,29.71
1997,5,4,0.17678,35.83,23.974,29.902
1997,5,5,0.57235,34.67,23.796,29.233
1997,5,6,3.665,34.597,24.183,29.39
1997,5,7,0.80014,34.205,22.456,28.331
1997,5,8,0,36.534,25.533,31.034
1997,5,9,0.00081115,36.95,25.645,31.298
1997,5,10,0.00026862,37.659,26.663,32.161
1997,5,11,0.00075739,38.141,26.927,32.534
1997,5,12,6.5219,37.867,26.86,32.363
1997,5,13,0.029328,38.195,27.375,32.785
1997,5,14,1.4792,38.313,27.592,32.952
1997,5,15,0.0008954,38.219,27.138,32.678
1997,5,16,0.28087,37.255,26.163,31.709
1997,5,17,0,37.114,26.716,31.915
1997,5,18,0.0095057,37.834,25.473,31.654
1997,5,19,0,38.42,25.87,32.145
1997,5,20,0.70392,40.003,27.896,33.949
1997,5,21,0.060767,40.307,28.11,34.208
1997,5,22,0.35116,39.76,28.346,34.053
1997,5,23,0.55373,40.587,28.278,34.432
1997,5,24,0.0096994,40.471,28.621,34.546
1997,5,25,0.18413,40.084,27.835,33.96
1997,5,26,0,39.24,27.492,33.366
1997,5,27,0.00072454,39.221,28.224,33.723
1997,5,28,0.17296,39.509,28.247,33.878
1997,5,29,0.19001,40.001,28.13,34.066
1997,5,30,0.38291,40.814,28.018,34.416
1997,5,31,0,39.951,27.675,33.813
1997,6,1,0.20451,39.29,28.087,33.689
1997,6,2,0.037617,38.797,28.15,33.473
1997,6,3,0.3087,38.318,26.764,32.541
1997,6,4,0,38.605,27.961,33.283
1997,6,5,0,38.498,27.381,32.94
1997,6,6,0.054699,38.415,28.305,33.36
1997,6,7,0,38.118,28.098,33.108
1997,6,8,0,37.92,28.144,33.032
1997,6,9,0.054698,36.556,27.869,32.212
1997,6,10,0.31805,35.278,26.071,30.675
1997,6,11,0.95502,35.549,25.69,30.62
1997,6,12,10.357,35.724,26.549,31.137
1997,6,13,8.7441,34.386,26.287,30.337
1997,6,14,1.6068,33.174,25.97,29.572
1997,6,15,0.92273,33.755,26.03,29.893
1997,6,16,0.41306,32.883,26.324,29.603
1997,6,17,11.51,34.545,27.294,30.919
1997,6,18,6.0743,33.736,26.377,30.057
1997,6,19,10.48,32.476,25.047,28.761
1997,6,20,4.9572,31.855,25.133,28.494
1997,6,21,1.8054,31.841,26.013,28.927
1997,6,22,5.899,32.367,26.179,29.273
1997,6,23,5.9467,31.191,24.834,28.012
1997,6,24,0.71808,29.775,23.86,26.817
1997,6,25,7.8599,29.647,24.331,26.989
1997,6,26,7.2355,30.165,24.788,27.476
1997,6,27,0.26424,29.934,25.28,27.607
1997,6,28,6.6278,30.615,25.537,28.076
1997,6,29,13.268,30.533,25.34,27.936
1997,6,30,3.5498,31.251,25.587,28.419
1997,7,1,13.458,31.015,24.846,27.931
1997,7,2,1.288,30.579,24.493,27.536
1997,7,3,0.21264,28.397,23.439,25.918
1997,7,4,0.75877,27.339,23.039,25.189
1997,7,5,1.4595,27.5,23.55,25.525
1997,7,6,0.080858,28.37,24.125,26.248
1997,7,7,4.3732,28.314,23.627,25.971
1997,7,8,14.646,27.866,23.824,25.845
1997,7,9,4.3508,29.349,24.726,27.037
1997,7,10,3.732,29.921,24.668,27.295
1997,7,11,1.0954,29.622,24.667,27.144
1997,7,12,0.1362,30.426,24.718,27.572
1997,7,13,0,31.1,25.439,28.269
1997,7,14,0,31.183,25.667,28.425
1997,7,15,0.16064,30.545,25.87,28.207
1997,7,16,1.433,31.427,25.672,28.549
1997,7,17,6.327,30.723,25.44,28.081
1997,7,18,0.55656,30.582,25.263,27.923
1997,7,19,5.5793,29.519,24.967,27.243
1997,7,20,9.7784,29.452,24.884,27.168
1997,7,21,41.914,28.324,23.736,26.03
1997,7,22,21.597,28.189,24.483,26.336
1997,7,23,27.857,29.352,24.776,27.064
1997,7,24,22.084,29.447,24.856,27.152
1997,7,25,0.8933,29.704,23.81,26.757
1997,7,26,3.5231,29.223,23.702,26.463
1997,7,27,0.61041,29.166,23.946,26.556
1997,7,28,4.5168,29.315,24.166,26.741
1997,7,29,22.744,27.992,23.081,25.537
1997,7,30,42.374,25.037,22.703,23.87
1997,7,31,84.556,25.423,23.032,24.227
1997,8,1,44.09,26.875,23.317,25.096
1997,8,2,0.4122,28.444,24.055,26.25
1997,8,3,2.1007,29.472,24.441,26.957
1997,8,4,11.018,27.633,23.874,25.754
1997,8,5,2.5184,26.773,23.236,25.004
1997,8,6,0.017079,27.522,23.374,25.448
1997,8,7,0,28.736,24.014,26.375
1997,8,8,0.73497,29.542,23.799,26.67
1997,8,9,1.7876,30.127,24.143,27.135
1997,8,10,2.009,30.539,24.449,27.494
1997,8,11,3.0633,29.71,23.363,26.537
1997,8,12,12.824,28.478,23.306,25.892
1997,8,13,0.057374,28.982,23.562,26.272
1997,8,14,3.8096,28.715,24.04,26.378
1997,8,15,1.2696,28.992,24.007,26.5
1997,8,16,4.3292,29.179,23.951,26.565
1997,8,17,11.786,29.269,23.996,26.633
1997,8,18,6.8841,28.907,23.707,26.307
1997,8,19,33.103,28.795,24.314,26.554
1997,8,20,28.159,26.994,22.677,24.836
1997,8,21,75.922,24.944,22.558,23.751
1997,8,22,61.235,26.209,22.432,24.32
1997,8,23,3.6536,27.507,23.256,25.382
1997,8,24,1.6021,28.773,23.483,26.128
1997,8,25,1.0004,30.292,24.079,27.185
1997,8,26,0,30.417,24.337,27.377
1997,8,27,6.21,29.746,23.8,26.773
1997,8,28,18.11,27.822,23.644,25.733
1997,8,29,43.48,26.727,23.329,25.028
1997,8,30,0,28.327,23.473,25.9
1997,8,31,0,28.665,23.977,26.321
1997,9,1,1.0239,29.052,24.249,26.651
1997,9,2,0.80356,30.266,24.301,27.283
1997,9,3,5.8586,30.583,23.931,27.257
1997,9,4,12.803,30.612,24.459,27.536
1997,9,5,7.2177,30.108,23.562,26.835
1997,9,6,4.4799,29.383,23.479,26.431
1997,9,7,14.739,28.748,23.565,26.156
1997,9,8,3.5093,28.249,22.45,25.349
1997,9,9,1.1466,27.266,22.754,25.01
1997,9,10,4.1074,27.915,22.642,25.278
1997,9,11,10.719,27.636,22.585,25.111
1997,9,12,39.107,28.012,22.401,25.206
1997,9,13,0.15057,29.062,23.27,26.166
1997,9,14,10.776,28.58,22.491,25.536
1997,9,15,2.1812,29.091,22.697,25.894
1997,9,16,8.43,29.989,23.485,26.737
1997,9,17,6.5891,29.685,22.59,26.137
1997,9,18,8.9931,30.152,23.571,26.861
1997,9,19,0.5342,30.258,23.479,26.868
1997,9,20,37.67,29.796,23.546,26.671
1997,9,21,0.31378,30.272,23.345,26.809
1997,9,22,0.46371,30.591,23.354,26.973
1997,9,23,0.017926,30.272,23.435,26.853
1997,9,24,0.41951,29.526,23.373,26.449
1997,9,25,5.7795,27.777,22.948,25.362
1997,9,26,12.615,28.433,22.428,25.431
1997,9,27,0,31.364,23.281,27.322
1997,9,28,0,31.919,23.423,27.671
1997,9,29,12.852,30.903,23.461,27.182
1997,9,30,0.10709,30.273,22.118,26.195
1997,10,1,0.33829,29.999,21.808,25.903
1997,10,2,0.28257,30.16,21.722,25.941
1997,10,3,0.15622,30.267,21.308,25.788
1997,10,4,0.97292,30.317,21.469,25.893
1997,10,5,2.5716e-07,30.342,21.29,25.816
1997,10,6,0,30.199,21.485,25.842
1997,10,7,0.50153,30.305,21.533,25.919
1997,10,8,1.9253,30.801,21.232,26.016
1997,10,9,0,30.702,20.794,25.748
1997,10,10,0,30.751,21.363,26.057
1997,10,11,12.883,30.429,21.346,25.888
1997,10,12,0,30.498,21.073,25.786
1997,10,13,0,30.916,20.998,25.957
1997,10,14,0,31.013,21.172,26.092
1997,10,15,0.19158,30.489,21.762,26.125
1997,10,16,0.043222,29.988,20.716,25.352
1997,10,17,0.08801,30.407,21.188,25.798
1997,10,18,0,30.821,21.905,26.363
1997,10,19,0.41724,30.542,21.171,25.857
1997,10,20,0.072875,30.344,20.937,25.64
1997,10,21,0,30.311,20.843,25.577
1997,10,22,0.00092718,29.667,19.849,24.758
1997,10,23,15.512,29.102,19.972,24.537
1997,10,24,3.1362,27.874,19.438,23.656
1997,10,25,0,28.898,20.21,24.554
1997,10,26,0,29.106,21.002,25.054
1997,10,27,0,29.1,20.347,24.724
1997,10,28,0.01278,29.01,20.032,24.521
1997,10,29,0.73394,28.158,19.305,23.732
1997,10,30,0,24.891,18.729,21.81
1997,10,31,1.4195,27.254,19.356,23.305
1997,11,1,1.0844,27.65,19.677,23.664
1997,11,2,0.47951,28.828,20.06,24.444
1997,11,3,0.0016453,29.378,20.38,24.879
1997,11,4,0,28.84,19.839,24.34
1997,11,5,0,28.379,18.383,23.381
1997,11,6,0,28.122,17.583,22.852
1997,11,7,0,28.833,18.337,23.585
1997,11,8,0,29.056,18.801,23.929
1997,11,9,0,28.835,18.676,23.755
1997,11,10,0,28.915,18.777,23.846
1997,11,11,0,29.321,19.027,24.174
1997,11,12,0,28.647,19.297,23.972
1997,11,13,0,29.351,20.273,24.812
1997,11,14,0,28.632,19.657,24.144
1997,11,15,0.97273,28.23,19.664,23.947
1997,11,16,0.030163,28.366,19.525,23.945
1997,11,17,4.4732,27.908,19.422,23.665
1997,11,18,0.46164,27.273,19.22,23.247
1997,11,19,0,27.516,18.762,23.139
1997,11,20,1.2901,27.093,18.723,22.908
1997,11,21,0.17541,27.108,18.622,22.865
1997,11,22,0,27.783,19.265,23.524
1997,11,23,0,27.696,19.059,23.378
1997,11,24,17.899,28.21,19.35,23.78
1997,11,25,0,28.464,19.826,24.145
1997,11,26,0,28.938,20.075,24.507
1997,11,27,0.32477,28.63,20.086,24.358
1997,11,28,3.878,28.006,20.068,24.037
1997,11,29,0.033441,27.481,20.02,23.75
1997,11,30,0.008729,26.904,19.517,23.21
1997,12,1,1.2703,26.895,19.236,23.066
1997,12,2,14.846,27.323,18.929,23.126
1997,12,3,0.009832,27.141,18.524,22.833
1997,12,4,0.0028095,26.903,18.031,22.467
1997,12,5,7.274,27.294,18.048,22.671
1997,12,6,0,27.142,17.544,22.343
1997,12,7,0,27.039,18.288,22.663
1997,12,8,0.0017741,26.887,18.714,22.801
1997,12,9,15.993,24.973,17.905,21.439
1997,12,10,1.2018,22.585,16.657,19.621
1997,12,11,0,24.83,14.59,19.71
1997,12,12,0.0010026,24.507,14.635,19.571
1997,12,13,0.00071011,25.163,17.073,21.118
1997,12,14,28.313,24.685,17.595,21.14
1997,12,15,0.0019515,24.496,15.387,19.941
1997,12,16,0.00088704,24.291,15.165,19.728
1997,12,17,0.081911,24.188,16.858,20.523
1997,12,18,0.014763,23.124,16.647,19.886
1997,12,19,0.21613,24.6,16.362,20.481
1997,12,20,0.00083545,24.72,16.573,20.646
1997,12,21,0.00071011,25.435,17.035,21.235
1997,12,22,0,26.022,17.195,21.608
1997,12,23,0,25.782,16.55,21.166
1997,12,24,0.016974,25.273,17.811,21.542
1997,12,25,0.0049166,25.381,18.042,21.711
1997,12,26,3.6018,25.436,18.364,21.9
1997,12,27,0,26.34,17.585,21.962
1997,12,28,0,25.912,17.346,21.629
1997,12,29,0,26.087,17.222,21.655
1997,12,30,0,26.689,17.581,22.135
1997,12,31,0,26.272,17.383,21.827
1998,1,1,0,24.53,16.585,20.557
1998,1,2,0,24.962,16.434,20.698
1998,1,3,0,25.56,15.482,20.521
1998,1,4,0,25.524,15.054,20.289
1998,1,5,0,25.182,12.289,18.735
1998,1,6,0,25.039,12.44,18.74
1998,1,7,0,26.027,13.137,19.582
1998,1,8,0,26.189,13.58,19.885
1998,1,9,0.003557,25.98,14.189,20.085
1998,1,10,0.0045946,26.616,14.715,20.665
1998,1,11,0.18044,26.289,14.73,20.509
1998,1,12,0.0022231,26.444,15.012,20.728
1998,1,13,0,26.825,15.438,21.131
1998,1,14,0,27.848,15.821,21.834
1998,1,15,0,27.417,14.926,21.172
1998,1,16,0.15626,28.81,16.218,22.514
1998,1,17,0,28.11,16.966,22.538
1998,1,18,0.19066,28.182,17.095,22.638
1998,1,19,0,26.34,15.941,21.14
1998,1,20,0,25.657,16.899,21.278
1998,1,21,0.033158,25.711,16.825,21.268
1998,1,22,0,25.072,14.742,19.907
1998,1,23,0,25.164,14.76,19.962
1998,1,24,0,25.555,16.742,21.149
1998,1,25,0,25.91,17.184,21.547
1998,1,26,0,25.957,17.397,21.677
1998,1,27,0,26.467,17.647,22.057
1998,1,28,0,26.53,17.424,21.977
1998,1,29,0.048251,26.971,17.725,22.348
1998,1,30,0.055263,26.41,17.64,22.025
1998,1,31,0,27.308,17.751,22.529
1998,2,1,0,28.397,18.136,23.266
1998,2,2,0,29.009,18.167,23.588
1998,2,3,0.053189,29.338,18.04,23.689
1998,2,4,0.32287,28.194,18.303,23.249
1998,2,5,0.0077068,27.341,16.946,22.143
1998,2,6,24.57,26.643,17.025,21.834
1998,2,7,9.868,25.237,16.84,21.038
1998,2,8,2.1792,25.019,15.846,20.432
1998,2,9,0.00075415,25.434,14.832,20.133
1998,2,10,0,26.08,13.588,19.834
1998,2,11,0,26.894,13.722,20.308
1998,2,12,0,27.172,13.953,20.563
1998,2,13,0,27.749,13.934,20.842
1998,2,14,0,28.636,14.472,21.554
1998,2,15,0,28.786,15.947,22.367
1998,2,16,0,29.198,17.172,23.185
1998,2,17,0.0065801,29.896,18.593,24.245
1998,2,18,0,29.421,18.304,23.863
1998,2,19,0,29.485,18.291,23.888
1998,2,20,0,28.941,17.177,23.059
1998,2,21,0,29.476,17.709,23.592
1998,2,22,0.011434,29.926,19.228,24.577
1998,2,23,0.06018,29.983,19.202,24.592
1998,2,24,0,30.437,20.218,25.328
1998,2,25,0,31.254,21.03,26.142
1998,2,26,0.11135,31.105,20.635,25.87
1998,2,27,0,30.54,18.367,24.454
1998,2,28,0,30.574,18.124,24.349
1998,3,1,0,30.973,19.999,25.486
1998,3,2,0,30.173,18.788,24.481
1998,3,3,0.03212,29.938,17.163,23.55
1998,3,4,0,30.655,17.984,24.32
1998,3,5,0,31.683,18.944,25.314
1998,3,6,0.030026,30.25,19.993,25.121
1998,3,7,2.8321,29.951,19.561,24.756
1998,3,8,0.77498,30.676,19.341,25.008
1998,3,9,0,30.904,18.804,24.854
1998,3,10,8.7216e-06,32.361,19.481,25.921
1998,3,11,0.064151,33.507,21.477,27.492
1998,3,12,0.93675,33.706,22.11,27.908
1998,3,13,0.14999,32.634,21.786,27.21
1998,3,14,0,31.69,19.33,25.51
1998,3,15,0.034141,31.57,19.433,25.501
1998,3,16,0.16216,32.278,20.74,26.509
1998,3,17,2.6918,31.726,20.669,26.198
1998,3,18,0,31.89,19.021,25.456
1998,3,19,0,31.258,20.33,25.794
1998,3,20,0,32.224,20.449,26.336
1998,3,21,0,33.971,21.37,27.67
1998,3,22,0,34.933,22.214,28.573
1998,3,23,0,35.984,23.191,29.588
1998,3,24,0,36.081,23.589,29.835
1998,3,25,0,34.266,21.103,27.684
1998,3,26,1.3465,32.99,18.689,25.839
1998,3,27,0,33.396,18.465,25.93
1998,3,28,0,34.806,20.492,27.649
1998,3,29,0.012057,34.682,22.691,28.686
1998,3,30,0.21287,32.443,20.795,26.619
1998,3,31,0,33.421,22.209,27.815
1998,4,1,0.02482,33.096,20.733,26.915
1998,4,2,0.094531,33.642,21.272,27.457
1998,4,3,0,34.534,22.317,28.426
1998,4,4,0.47516,35.861,23.722,29.791
1998,4,5,0.78141,35.748,22.748,29.248
1998,4,6,1.3517,35.425,22.538,28.981
1998,4,7,0,35.778,23.331,29.555
1998,4,8,0,36.614,24.365,30.49
1998,4,9,1.4898,35.718,23.76,29.739
1998,4,10,0.07108,35.592,24.067,29.83
1998,4,11,0,36.265,24.559,30.412
1998,4,12,0,37.184,25.184,31.184
1998,4,13,0,37.267,25.099,31.183
1998,4,14,0,37.323,25.443,31.383
1998,4,15,0,36.648,25.067,30.857
1998,4,16,0,35.857,24.267,30.062
1998,4,17,0,35.051,23.454,29.252
1998,4,18,0,36.643,24.211,30.427
1998,4,19,0.15029,37.652,24.314,30.983
1998,4,20,0.18243,38.237,24.633,31.435
1998,4,21,0,38.659,25.771,32.215
1998,4,22,0,38.09,26.642,32.366
1998,4,23,0,37.895,25.476,31.686
1998,4,24,0,38.317,26.097,32.207
1998,4,25,5.0979,37.28,24.59,30.935
1998,4,26,0.75788,36.13,24.65,30.39
1998,4,27,0.35099,36.853,25.216,31.035
1998,4,28,0,37.735,25.068,31.402
1998,4,29,0.95394,36.302,23.605,29.954
1998,4,30,0,37.134,25.189,31.161
1998,5,1,0,37.937,27.117,32.527
1998,5,2,1.619,38.055,25.982,32.018
1998,5,3,0,38.226,26.322,32.274
1998,5,4,0.24217,38.537,26.989,32.763
1998,5,5,0,39.031,26.952,32.991
1998,5,6,0,39.23,27.271,33.25
1998,5,7,10.268,38.636,26.48,32.558
1998,5,8,0,37.937,27.27,32.604
1998,5,9,0,37.225,24.978,31.101
1998,5,10,0,35.944,25.879,30.911
1998,5,11,0.50334,35.42,24.844,30.132
1998,5,12,0.83143,35.093,24.101,29.597
1998,5,13,0.016443,34.993,24.822,29.907
1998,5,14,0.44267,36.596,25.457,31.027
1998,5,15,0.43016,36.959,26.312,31.635
1998,5,16,0,37.824,27.01,32.417
1998,5,17,0,38.477,27.204,32.841
1998,5,18,0.10146,38.646,27.622,33.134
1998,5,19,1.2532,38.387,26.518,32.452
1998,5,20,0,38.604,28.353,33.479
1998,5,21,0,40.174,28.084,34.129
1998,5,22,0.050854,40.344,28.933,34.638
1998,5,23,0.041092,41.071,29.154,35.112
1998,5,24,0.0015021,41.382,30.157,35.77
1998,5,25,0.016209,42.008,29.847,35.927
1998,5,26,0,41.88,29.653,35.767
1998,5,27,0,42.621,30.447,36.534
1998,5,28,0.58583,41.478,30.222,35.85
1998,5,29,0,41.629,30.369,35.999
1998,5,30,0.33615,41.432,29.804,35.618
1998,5,31,0,41.334,29.761,35.547
1998,6,1,0,41.586,29.654,35.62
1998,6,2,0.055132,40.611,29.952,35.281
1998,6,3,0.11063,40.676,29.131,34.904
1998,6,4,0,39.953,30.455,35.204
1998,6,5,0,38.999,28.886,33.942
1998,6,6,0.17943,39.927,29.885,34.906
1998,6,7,0,37.663,28.373,33.018
1998,6,8,0.044737,39.551,29.645,34.598
1998,6,9,0.040048,38.869,29.401,34.135
1998,6,10,0,38.52,29.276,33.898
1998,6,11,0,37.788,29.031,33.41
1998,6,12,0,36.143,28.806,32.475
1998,6,13,13.784,35.965,27.374,31.67
1998,6,14,31.738,33.648,25.82,29.734
1998,6,15,7.9513,31.054,24.601,27.827
1998,6,16,0.70107,29.849,24.239,27.044
1998,6,17,0.85862,31.164,25.682,28.423
1998,6,18,0.51476,30.136,26.048,28.092
1998,6,19,3.5711,32.729,26.032,29.381
1998,6,20,4.6875,31.447,24.901,28.174
1998,6,21,8.7628,30.481,25.717,28.099
1998,6,22,0.854,32.179,27.193,29.686
1998,6,23,2.2197,31.127,26.263,28.695
1998,6,24,28.924,30.386,24.792,27.589
1998,6,25,0.28173,30.127,26.206,28.166
1998,6,26,0,31.225,26.148,28.686
1998,6,27,3.9084,30.782,26.035,28.409
1998,6,28,21.908,30.705,25.354,28.03
1998,6,29,2.6368,30.561,25.059,27.81
1998,6,30,0.60984,30.529,24.901,27.715
1998,7,1,12.71,29.486,24.607,27.046
1998,7,2,1.6403,28.228,24.177,26.203
1998,7,3,6.1754,27.504,23.969,25.736
1998,7,4,15.232,27.273,23.767,25.52
1998,7,5,16.796,26.852,23.688,25.27
1998,7,6,12.234,27.261,23.365,25.313
1998,7,7,9.52,27.334,23.594,25.464
1998,7,8,7.5494,27.545,23.393,25.469
1998,7,9,13.707,27.268,23.431,25.349
1998,7,10,36.078,26.765,23.424,25.094
1998,7,11,31.841,27.307,23.939,25.623
1998,7,12,2.4499,27.97,23.979,25.974
1998,7,13,1.2662,29.254,24.714,26.984
1998,7,14,2.4111,29.938,25.15,27.544
1998,7,15,0.57084,30.235,25.599,27.917
1998,7,16,2.5798,29.789,24.527,27.158
1998,7,17,3.3985,30.79,25.647,28.218
1998,7,18,1.6667,30.392,24.521,27.456
1998,7,19,7.1995,29.99,24.25,27.12
1998,7,20,14.957,28.98,24.446,26.713
1998,7,21,0.093526,31.328,26.123,28.726
1998,7,22,2.3444,31.304,26.195,28.749
1998,7,23,9.2462,32.244,26.365,29.305
1998,7,24,7.4549,32.047,25.16,28.604
1998,7,25,5.365,31.438,24.773,28.105
1998,7,26,1.5227,30.7,24.667,27.683
1998,7,27,50.466,30.676,24.535,27.605
1998,7,28,11.191,29.645,24.084,26.864
1998,7,29,0.4307,29.033,23.713,26.373
1998,7,30,6.0703,28.253,24.044,26.148
1998,7,31,2.6114,28.367,24.204,26.286
1998,8,1,2.2986,29.114,24.73,26.922
1998,8,2,10.042,29.543,25.033,27.288
1998,8,3,6.3543,28.272,24.06,26.166
1998,8,4,18.192,28.178,24.079,26.128
1998,8,5,6.352,27.855,24.097,25.976
1998,8,6,0.066161,27.866,24.125,25.995
1998,8,7,1.9044,28.04,24.414,26.227
1998,8,8,0.13142,28.254,23.727,25.99
1998,8,9,10.075,29.056,23.841,26.449
1998,8,10,0.018441,28.911,24.055,26.483
1998,8,11,18.148,28.517,23.918,26.217
1998,8,12,18.69,28.463,24.066,26.265
1998,8,13,2.0094,28.343,24.504,26.424
1998,8,14,1.0247,27.883,23.796,25.84
1998,8,15,0,27.321,23.57,25.445
1998,8,16,17.401,28.972,24.177,26.574
1998,8,17,2.6934,29.114,24.202,26.658
1998,8,18,0.18829,29.548,24.619,27.084
1998,8,19,4.5482,29.727,24.443,27.085
1998,8,20,10.842,30.473,24.897,27.685
1998,8,21,3.1558,30.731,24.43,27.581
1998,8,22,25.542,30.222,24.376,27.299
1998,8,23,1.1758,31.13,24.686,27.908
1998,8,24,6.2832,30.521,24.279,27.4
1998,8,25,20.429,30.079,24.03,27.054
1998,8,26,0.41275,29.424,23.649,26.537
1998,8,27,28.865,28.327,23.258,25.793
1998,8,28,1.0308,26.688,23.325,25.007
1998,8,29,1.0984,28.711,24.106,26.409
1998,8,30,1.138,29.886,24.504,27.195
1998,8,31,0.95755,29.93,24.299,27.114
1998,9,1,2.4197,29.93,24.347,27.138
1998,9,2,3.739,28.651,23.194,25.922
1998,9,3,4.4301,28.328,23.563,25.946
1998,9,4,4.6657,29.535,23.595,26.565
1998,9,5,8.0858,29.913,24.261,27.087
1998,9,6,9.3881,29.847,24.785,27.316
1998,9,7,15.086,28.892,23.055,25.974
1998,9,8,11.515,28.663,23.661,26.162
1998,9,9,14.821,28.291,23.433,25.862
1998,9,10,17.901,28.658,23.972,26.315
1998,9,11,0.94417,28.382,24.177,26.28
1998,9,12,0.66126,28.409,23.77,26.089
1998,9,13,19.487,27.56,22.934,25.247
1998,9,14,1.3857,27.356,22.801,25.078
1998,9,15,7.2981,28.546,23.125,25.835
1998,9,16,0.87637,29.296,23.248,26.272
1998,9,17,1.7589,30.478,23.816,27.147
1998,9,18,0.76333,31.103,24.192,27.647
1998,9,19,3.0125,31.322,24.138,27.73
1998,9,20,0.017164,30.753,23.841,27.297
1998,9,21,3.698,29.738,23.217,26.477
1998,9,22,0.19687,29.555,23.634,26.594
1998,9,23,0,30.265,23.724,26.994
1998,9,24,0,30.813,24.013,27.413
1998,9,25,3.1756,31.463,23.54,27.502
1998,9,26,9.3285,29.996,22.795,26.396
1998,9,27,0.61536,30.497,22.698,26.597
1998,9,28,0.85239,30.448,23.469,26.959
1998,9,29,0,30.924,23.604,27.264
1998,9,30,0,30.987,23.457,27.222
1998,10,1,3.1929,30.951,23.862,27.406
1998,10,2,26.897,31.175,23.515,27.345
1998,10,3,7.0042,31.107,23.192,27.149
1998,10,4,0,30.359,23.284,26.822
1998,10,5,19.645,30.85,23.438,27.144
1998,10,6,0,30.625,23.379,27.002
1998,10,7,0,31.139,23.617,27.378
1998,10,8,0,31.161,22.919,27.04
1998,10,9,0,31.155,22.791,26.973
1998,10,10,0.17046,31.098,22.901,27
1998,10,11,0.034969,31.055,23.344,27.199
1998,10,12,2.1703,31.203,23.35,27.276
1998,10,13,0.12344,31.315,23.642,27.479
1998,10,14,1.5366,30.414,23,26.707
1998,10,15,7.1317,29.423,23.264,26.344
1998,10,16,12.012,29.137,22.931,26.034
1998,10,17,7.1415,27.916,22.912,25.414
1998,10,18,15.2,29.386,23.264,26.325
1998,10,19,1.0754,28.965,21.425,25.195
1998,10,20,0.35768,28.118,21.277,24.697
1998,10,21,0.24094,27.47,21.142,24.306
1998,10,22,1.4555,28.351,21.503,24.927
1998,10,23,0,27.392,21.033,24.213
1998,10,24,0,28.386,21.777,25.082
1998,10,25,0,29.628,21.557,25.593
1998,10,26,0,30.532,22.716,26.624
1998,10,27,0,30.734,22.152,26.443
1998,10,28,0,30.315,21.398,25.857
1998,10,29,0,29.492,19.744,24.618
1998,10,30,0,27.21,18.839,23.025
1998,10,31,0,25.12,20.257,22.688
1998,11,1,0.14443,27.026,21.08,24.053
1998,11,2,0,28.675,21.585,25.13
1998,11,3,7.433,30.023,22.238,26.13
1998,11,4,0.00037303,29.703,21.415,25.559
1998,11,5,0,29.395,20.112,24.753
1998,11,6,0,29.064,19.845,24.455
1998,11,7,0.0096784,29.16,21.16,25.16
1998,11,8,0.24619,29.992,21.879,25.935
1998,11,9,24.166,29.082,21.108,25.095
1998,11,10,3.5449,27.733,21.038,24.386
1998,11,11,0.0061684,28.43,20.679,24.555
1998,11,12,0,27.937,18.714,23.326
1998,11,13,0,27.579,18.576,23.077
1998,11,14,0,27.684,18.642,23.163
1998,11,15,4.7557,26.977,19.386,23.182
1998,11,16,27.595,25.372,18.858,22.115
1998,11,17,2.7697,24.468,18.287,21.377
1998,11,18,0,25.285,18.021,21.653
1998,11,19,0,25.683,18.038,21.861
1998,11,20,0,27.582,18.827,23.204
1998,11,21,0,27.848,18.963,23.405
1998,11,22,0,27.333,18.466,22.9
1998,11,23,0.048628,27.473,17.425,22.449
1998,11,24,0,28.122,17.661,22.892
1998,11,25,0,27.583,15.867,21.725
1998,11,26,0,26.669,13.931,20.3
1998,11,27,0,25.824,13.05,19.437
1998,11,28,0,25.747,12.482,19.114
1998,11,29,0,25.992,13.072,19.532
1998,11,30,0,26.379,13.859,20.119
1998,12,1,0,27.306,14.511,20.908
1998,12,2,0,27.42,13.758,20.589
1998,12,3,0,27.502,13.509,20.506
1998,12,4,0,27.479,13.249,20.364
1998,12,5,0,26.792,12.34,19.566
1998,12,6,0,26.328,12.008,19.168
1998,12,7,0,26.724,12.348,19.536
1998,12,8,0,26.641,12.414,19.527
1998,12,9,0,26.552,12.978,19.765
1998,12,10,0,25.996,13.16,19.578
1998,12,11,0,25.953,12.958,19.455
1998,12,12,0,25.688,12.168,18.928
1998,12,13,0,25.286,12.562,18.924
1998,12,14,0,25.126,12.516,18.821
1998,12,15,0,25.126,12.376,18.751
1998,12,16,0,25.606,13.198,19.402
1998,12,17,0,26.244,13.174,19.709
1998,12,18,0,25.948,12.258,19.103
1998,12,19,0,25.474,11.681,18.578
1998,12,20,0,25.467,11.408,18.437
1998,12,21,0,24.298,11.188,17.743
1998,12,22,0,25.399,11.444,18.422
1998,12,23,0,25.525,11.743,18.634
1998,12,24,0,25.989,12.326,19.157
1998,12,25,0,25.685,12.534,19.11
1998,12,26,0,24.818,11.358,18.088
1998,12,27,0,24.675,9.8941,17.284
1998,12,28,0,24.314,9.788,17.051
1998,12,29,0,25.296,10.251,17.773
1998,12,30,0,25.377,9.9422,17.66
1998,12,31,0,25.3,9.9588,17.629
1999,1,1,0,25.374,11.687,18.531
1999,1,2,0,25.408,12.489,18.948
1999,1,3,0,24.659,9.8593,17.259
1999,1,4,0.083409,24.701,9.9095,17.305
1999,1,5,0,24.794,10.586,17.69
1999,1,6,0,24.502,11.398,17.95
1999,1,7,0,25.362,12.964,19.163
1999,1,8,0,25.749,12.958,19.354
1999,1,9,0,24.679,12.055,18.367
1999,1,10,0.22505,24.352,11.141,17.747
1999,1,11,0.05313,23.484,9.8336,16.659
1999,1,12,0,24.202,10.514,17.358
1999,1,13,0,24.802,11.152,17.977
1999,1,14,0,25.137,11.255,18.196
1999,1,15,0,25.22,10.842,18.031
1999,1,16,0,25.484,10.752,18.118
1999,1,17,0,25.86,11.269,18.565
1999,1,18,0,25.924,11.157,18.54
1999,1,19,0,25.882,11.039,18.461
1999,1,20,0,26.663,11.28,18.971
1999,1,21,0,27.771,12.08,19.925
1999,1,22,0,28.271,12.525,20.398
1999,1,23,0,28.662,13.299,20.981
1999,1,24,0,28.847,14.316,21.582
1999,1,25,0,28.685,14.321,21.503
1999,1,26,0,28.154,14.239,21.197
1999,1,27,0,27.707,13.651,20.679
1999,1,28,0,28.053,13.394,20.724
1999,1,29,0,28.505,14.96,21.732
1999,1,30,0,27.39,13.867,20.628
1999,1,31,0,27.946,14.537,21.242
1999,2,1,0,28.205,16.315,22.26
1999,2,2,0,28.81,16.796,22.803
1999,2,3,0,29.034,15.857,22.445
1999,2,4,0,29.065,16.47,22.767
1999,2,5,0.82485,29.133,15.848,22.491
1999,2,6,0,28.011,16.17,22.09
1999,2,7,0,28.938,16.129,22.533
1999,2,8,0,29.233,16.377,22.805
1999,2,9,0,27.367,16.215,21.791
1999,2,10,4.4075,27.577,15.97,21.773
1999,2,11,0.06355,27.314,16.469,21.892
1999,2,12,0,29.116,16.725,22.921
1999,2,13,0,30.268,16.827,23.548
1999,2,14,0,29.995,16.476,23.236
1999,2,15,0,30.118,16.275,23.196
1999,2,16,0,30.851,17.427,24.139
1999,2,17,0,30.684,17.226,23.955
1999,2,18,0,31.439,17.027,24.233
1999,2,19,0,31.852,17.205,24.528
1999,2,20,0,32.18,18.106,25.143
1999,2,21,0,32.03,18.562,25.296
1999,2,22,0,32.322,18.488,25.405
1999,2,23,0,32.607,18.868,25.737
1999,2,24,0,33.11,18.732,25.921
1999,2,25,0,33.805,19.478,26.641
1999,2,26,0,33.908,19.879,26.894
1999,2,27,0,33.675,19.708,26.692
1999,2,28,0,33.452,19.338,26.395
1999,3,1,0,33.33,19.721,26.525
1999,3,2,0,31.967,18,24.984
1999,3,3,0.013624,31.236,16.423,23.829
1999,3,4,0.26336,31.855,16.737,24.296
1999,3,5,0,32.909,17.362,25.136
1999,3,6,0,33.931,18.218,26.074
1999,3,7,0,34.543,19.079,26.811
1999,3,8,0,34.546,19.574,27.06
1999,3,9,0,35.713,20.653,28.183
1999,3,10,0,35.292,20.892,28.092
1999,3,11,0,35.311,21.34,28.325
1999,3,12,0,34.661,20.51,27.585
1999,3,13,0,34.143,19.96,27.051
1999,3,14,0,33.608,19.94,26.774
1999,3,15,0,33.94,20.183,27.061
1999,3,16,0,34.252,20.675,27.463
1999,3,17,0,34.581,21.562,28.071
1999,3,18,0.056687,35.284,21.315,28.3
1999,3,19,0.095676,35.434,21.278,28.356
1999,3,20,0,35.899,21.017,28.458
1999,3,21,0,35.914,21.789,28.852
1999,3,22,0,34.889,20.332,27.611
1999,3,23,0,35.358,21.139,28.248
1999,3,24,0,35.418,21.187,28.303
1999,3,25,0,35.127,22.587,28.857
1999,3,26,0,35.216,21.392,28.304
1999,3,27,0,36.438,21.742,29.09
1999,3,28,0,36.471,20.723,28.597
1999,3,29,0,36.594,20.353,28.473
1999,3,30,0,36.433,21.046,28.74
1999,3,31,0,37.488,21.387,29.438
1999,4,1,0.031713,38.321,21.86,30.091
1999,4,2,0,38.451,22.966,30.709
1999,4,3,0,37.781,22.936,30.358
1999,4,4,0,37.575,22.989,30.282
1999,4,5,0,37.677,23.439,30.558
1999,4,6,0,37.223,23.527,30.375
1999,4,7,0,37.07,22.231,29.65
1999,4,8,0,38.486,23.492,30.989
1999,4,9,0,38.57,24.418,31.494
1999,4,10,0,38.204,24.596,31.4
1999,4,11,0,38.719,24.82,31.769
1999,4,12,0.20738,39.391,25.141,32.266
1999,4,13,0,39.744,24.396,32.07
1999,4,14,0.62266,40.142,25.453,32.798
1999,4,15,0,39.852,25.977,32.915
1999,4,16,0,39.142,25.494,32.318
1999,4,17,0,37.961,23.541,30.751
1999,4,18,0,38.309,22.926,30.617
1999,4,19,0,38.53,23.44,30.985
1999,4,20,0,38.816,24.791,31.803
1999,4,21,0,39.055,25.089,32.072
1999,4,22,0,39.14,25.599,32.369
1999,4,23,0.15709,39.259,25.615,32.437
1999,4,24,0,39.345,26.147,32.746
1999,4,25,0,39.225,26.341,32.783
1999,4,26,0,39.661,27.006,33.334
1999,4,27,0,40.151,27.065,33.608
1999,4,28,0,40.517,27.241,33.879
1999,4,29,0,40.424,27.8,34.112
1999,4,30,0.66208,40.663,27.416,34.039
1999,5,1,1.2361,40.775,28.106,34.441
1999,5,2,0,40.545,27.725,34.135
1999,5,3,0,39.354,27.28,33.317
1999,5,4,0.064437,39.341,26.73,33.035
1999,5,5,0.11222,38.92,26.873,32.896
1999,5,6,2.9723,38.606,25.486,32.046
1999,5,7,0.097213,38.57,27.149,32.86
1999,5,8,0,39.935,28.496,34.215
1999,5,9,0,39.419,27.533,33.476
1999,5,10,0,39.096,26.758,32.927
1999,5,11,0,36.958,25.76,31.359
1999,5,12,0,36.833,25.735,31.284
1999,5,13,0,35.556,25.328,30.442
1999,5,14,12.785,36.914,22.863,29.889
1999,5,15,0,35.185,25.199,30.192
1999,5,16,0,36.391,25.65,31.02
1999,5,17,0,36.42,26.767,31.593
1999,5,18,0.0075733,37.289,26.037,31.663
1999,5,19,0.15267,37.206,26.694,31.95
1999,5,20,4.8204,38.531,27.289,32.91
1999,5,21,6.1543,37.396,25.642,31.519
1999,5,22,0,35.54,25.605,30.573
1999,5,23,35.834,36.792,26.56,31.676
1999,5,24,0.65929,36.73,25.115,30.923
1999,5,25,0.21266,33.56,24.182,28.871
1999,5,26,9.2795e-07,34.262,24.907,29.584
1999,5,27,12.942,33.737,24.838,29.287
1999,5,28,0.068596,32.774,25.493,29.133
1999,5,29,0,35.067,26.428,30.747
1999,5,30,0,36.244,27.605,31.925
1999,5,31,0,36.521,27.265,31.893
1999,6,1,0.13018,37.123,27.002,32.062
1999,6,2,0.008633,35.605,24.727,30.166
1999,6,3,0.89348,33.889,24.368,29.129
1999,6,4,0.92546,34.43,24.891,29.661
1999,6,5,0,35.714,25.617,30.665
1999,6,6,0,36.489,26.746,31.618
1999,6,7,0,37.868,27.635,32.752
1999,6,8,0.0055341,37.368,26.487,31.928
1999,6,9,0.4404,36.868,27.286,32.077
1999,6,10,0,35.59,27.731,31.661
1999,6,11,37.371,33.516,24.878,29.197
1999,6,12,0.48031,30.97,25.179,28.075
1999,6,13,0,32.224,25.482,28.853
1999,6,14,0.11353,32.417,25.491,28.954
1999,6,15,0.39416,31.781,24.682,28.232
1999,6,16,0,28.88,23.613,26.247
1999,6,17,52.647,28.511,23.007,25.759
1999,6,18,86.526,26.475,23.016,24.745
1999,6,19,1.479,27.461,23.44,25.451
1999,6,20,0.71948,27.835,23.624,25.729
1999,6,21,19.697,27.725,23.639,25.682
1999,6,22,15.537,28.493,24.111,26.302
1999,6,23,0.22251,29.015,24.413,26.714
1999,6,24,0.38269,27.369,23.224,25.297
1999,6,25,0.0092531,28.543,23.739,26.141
1999,6,26,0,29.891,24.549,27.22
1999,6,27,0.19889,31.082,25.33,28.206
1999,6,28,0.20721,31.156,25.557,28.356
1999,6,29,0.83347,31.372,24.632,28.002
1999,6,30,0.13537,31.315,24.33,27.823
1999,7,1,0,30.85,24.72,27.785
1999,7,2,0.10986,31.688,25.382,28.535
1999,7,3,0.027237,31.21,25.417,28.313
1999,7,4,0.094132,31.511,25.755,28.633
1999,7,5,1.1191,31.195,24.994,28.095
1999,7,6,3.5342,30.285,24.559,27.422
1999,7,7,9.2275,28.807,23.78,26.293
1999,7,8,0.15568,28.502,23.254,25.878
1999,7,9,0,29.667,24.523,27.095
1999,7,10,0,30.035,24.483,27.259
1999,7,11,0,29.321,23.844,26.583
1999,7,12,12.784,28.31,23.779,26.045
1999,7,13,2.3747,27.964,23.485,25.725
1999,7,14,1.9052,27.407,23.962,25.684
1999,7,15,64.61,26.81,23.058,24.934
1999,7,16,12.426,27.572,23.27,25.421
1999,7,17,1.4526,28.638,23.769,26.203
1999,7,18,0.090882,28.029,23.933,25.981
1999,7,19,19.322,28.47,23.54,26.005
1999,7,20,7.4381,28.288,23.669,25.978
1999,7,21,2.0896,27.912,23.255,25.583
1999,7,22,4.4496,26.96,22.705,24.833
1999,7,23,2.9368,26.933,22.666,24.799
1999,7,24,3.4086,27.607,23.489,25.548
1999,7,25,0.081564,27.341,23.407,25.374
1999,7,26,1.2573,26.54,22.858,24.699
1999,7,27,1.8701,26.419,22.865,24.642
1999,7,28,80.332,25.48,22.655,24.068
1999,7,29,7.9661,27.145,22.898,25.022
1999,7,30,0,27.964,23.953,25.959
1999,7,31,0.22576,29.185,23.976,26.581
1999,8,1,26.035,28.787,24.287,26.537
1999,8,2,40.131,27.889,23.402,25.646
1999,8,3,53.912,26.365,22.811,24.588
1999,8,4,12.141,25.973,22.366,24.169
1999,8,5,4.2867,26.64,23.007,24.824
1999,8,6,6.0297,27.332,23.31,25.321
1999,8,7,19.677,25.595,22.831,24.213
1999,8,8,47.676,25.234,22.366,23.8
1999,8,9,2.0992,25.56,22.242,23.901
1999,8,10,0,26.455,22.588,24.521
1999,8,11,2.9238,28.519,23.82,26.17
1999,8,12,0.066805,29.314,23.853,26.584
1999,8,13,0.11087,28.797,23.819,26.308
1999,8,14,0.9807,27.886,23.363,25.625
1999,8,15,0.52742,28.83,23.94,26.385
1999,8,16,2.2215,29.407,24.022,26.715
1999,8,17,6.0112,29.696,24.215,26.956
1999,8,18,1.6794,29.448,23.803,26.625
1999,8,19,3.2944,29.402,23.934,26.668
1999,8,20,1.6575,29.658,23.765,26.712
1999,8,21,0.82407,28.586,23.104,25.845
1999,8,22,2.1146,27.968,23.269,25.618
1999,8,23,0.78326,28.914,24.199,26.556
1999,8,24,1.7496,30.273,23.739,27.006
1999,8,25,23.316,30.396,24.022,27.209
1999,8,26,66.087,29.402,23.446,26.424
1999,8,27,7.9581,28.602,23.543,26.073
1999,8,28,8.1131,28.235,22.967,25.601
1999,8,29,47.172,27.891,22.512,25.202
1999,8,30,30.767,27.223,22.632,24.928
1999,8,31,54.025,27.183,22.277,24.73
1999,9,1,30.214,27.419,22.783,25.101
1999,9,2,1.4757,28.311,23.301,25.806
1999,9,3,0.40955,28.271,23.358,25.815
1999,9,4,0.45394,27.886,22.969,25.428
1999,9,5,0.031249,28.732,23.405,26.069
1999,9,6,0.31289,29.866,23.765,26.815
1999,9,7,6.0527,29.938,23.475,26.707
1999,9,8,34.379,28.52,23.132,25.826
1999,9,9,61.244,28.224,23.098,25.661
1999,9,10,0,28.861,23.521,26.191
1999,9,11,2.2268,28.568,23.487,26.028
1999,9,12,0.43493,27.799,23.023,25.411
1999,9,13,15.045,27.376,22.707,25.042
1999,9,14,20.875,27.015,22.574,24.795
1999,9,15,2.9648,26.803,22.744,24.774
1999,9,16,0.70802,27.32,22.556,24.938
1999,9,17,5.2964,27.497,22.071,24.784
1999,9,18,2.9468,26.622,22.171,24.396
1999,9,19,0.52379,26.849,22.445,24.647
1999,9,20,2.2047,27.204,22.669,24.937
1999,9,21,2.8903,28.222,23.029,25.625
1999,9,22,0.023149,28.46,22.679,25.569
1999,9,23,0.16432,28.318,23.056,25.687
1999,9,24,4.4158,29.503,23.332,26.418
1999,9,25,16.733,28.898,22.624,25.761
1999,9,26,13.307,29.663,23.042,26.353
1999,9,27,9.8977,29.435,22.874,26.154
1999,9,28,0.62137,28.801,22.243,25.522
1999,9,29,6.2461,30.032,22.587,26.31
1999,9,30,1.3902,29.069,22.423,25.746
1999,10,1,0,30.067,22.667,26.367
1999,10,2,0.074517,30.259,22.229,26.244
1999,10,3,0,30.126,22.669,26.398
1999,10,4,0.18251,29.677,22.421,26.049
1999,10,5,1.0024,29.706,22.537,26.121
1999,10,6,20.162,30.326,22.511,26.418
1999,10,7,8.5921,29.82,21.918,25.869
1999,10,8,4.8844,28.73,21.851,25.291
1999,10,9,4.503,29.864,22.31,26.087
1999,10,10,2.1449,30.366,22.295,26.33
1999,10,11,0.31301,31.341,22.813,27.077
1999,10,12,0,30.915,21.922,26.419
1999,10,13,0,30.586,21.972,26.279
1999,10,14,0.10342,30.65,21.455,26.053
1999,10,15,0,29.61,21.532,25.571
1999,10,16,12.737,29.339,21.618,25.478
1999,10,17,2.0544,29.429,21.78,25.604
1999,10,18,5.8423,28.381,21.449,24.915
1999,10,19,0,29.593,20.897,25.245
1999,10,20,0.30982,29.713,20.612,25.163
1999,10,21,2.3843,29.953,19.874,24.914
1999,10,22,0.33643,29.687,19.533,24.61
1999,10,23,0.15249,29.398,20.01,24.704
1999,10,24,0.021647,29.114,20.568,24.841
1999,10,25,4.0219,29.476,21.408,25.442
1999,10,26,2.0488,29.348,21.512,25.43
1999,10,27,18.517,28.683,21.225,24.954
1999,10,28,0.058235,28.443,19.367,23.905
1999,10,29,0,27.775,18.582,23.178
1999,10,30,0,28.128,19.685,23.907
1999,10,31,0,28.952,20.757,24.855
1999,11,1,0.027527,29.157,20.711,24.934
1999,11,2,0.022151,28.865,21.127,24.996
1999,11,3,0,28.111,20.356,24.233
1999,11,4,0,29.188,20.677,24.933
1999,11,5,0,30.179,20.663,25.421
1999,11,6,0,30.486,19.965,25.225
1999,11,7,1.0079,30.564,19.449,25.006
1999,11,8,0,30.306,19.469,24.888
1999,11,9,0.2482,30.156,18.803,24.479
1999,11,10,0.071667,29.606,17.447,23.527
1999,11,11,0.012939,29.627,16.846,23.237
1999,11,12,0,28.621,16.376,22.499
1999,11,13,0.1388,28.649,15.104,21.876
1999,11,14,0,28.641,15.474,22.057
1999,11,15,0,28.409,14.984,21.697
1999,11,16,0,28.305,14.982,21.644
1999,11,17,0,28.016,14.933,21.475
1999,11,18,0,27.794,14.485,21.14
1999,11,19,0,27.356,14.466,20.911
1999,11,20,0,26.822,14.185,20.503
1999,11,21,0,26.425,13.55,19.988
1999,11,22,0,25.815,13.374,19.594
1999,11,23,0,25.928,14.573,20.251
1999,11,24,0,26.738,14.819,20.778
1999,11,25,0,26.923,14.288,20.605
1999,11,26,0,27.017,14.498,20.757
1999,11,27,0,27.109,14.877,20.993
1999,11,28,0,27.047,14.304,20.676
1999,11,29,0,27.101,13.75,20.425
1999,11,30,0,26.799,13.029,19.914
1999,12,1,0,27.161,12.747,19.954
1999,12,2,0,26.762,12.703,19.733
1999,12,3,0.014718,26.237,12.671,19.454
1999,12,4,0.29188,26.247,13.436,19.842
1999,12,5,0.068361,25.546,13.069,19.307
1999,12,6,0,26.106,13.115,19.61
1999,12,7,0,26.354,13.862,20.108
1999,12,8,0,26.537,14.614,20.576
1999,12,9,0,26.732,14.88,20.806
1999,12,10,0,26.028,14.1,20.064
1999,12,11,0,25.304,12.784,19.044
1999,12,12,0,24.585,11.752,18.168
1999,12,13,0,24.686,11.478,18.082
1999,12,14,0,25.881,11.755,18.818
1999,12,15,0,26.351,12.243,19.297
1999,12,16,0,26.304,12.778,19.541
1999,12,17,0,26.247,11.917,19.082
1999,12,18,0,26.195,11.129,18.662
1999,12,19,0,25.484,10.367,17.925
1999,12,20,0,25.412,11.359,18.385
1999,12,21,0,25.181,11.327,18.254
1999,12,22,0,25.54,12.016,18.778
1999,12,23,0,25.851,12.08,18.966
1999,12,24,0,25.79,12.136,18.963
1999,12,25,0.040937,25.702,12.71,19.206
1999,12,26,0.0037915,26.385,13.55,19.968
1999,12,27,0.0036109,26.575,14.292,20.433
1999,12,28,0,27.014,14.781,20.897
1999,12,29,0,26.664,14.074,20.369
1999,12,30,0,26.481,13.335,19.908
1999,12,31,0,26.023,12.928,19.475
2000,1,1,0,26.097,12.72,19.409
2000,1,2,0,26.192,11.887,19.04
2000,1,3,0,25.4,11.161,18.281
2000,1,4,0,25.536,10.282,17.909
2000,1,5,0,25.606,11.108,18.357
2000,1,6,0,25.145,10.576,17.86
2000,1,7,0,24.899,9.2877,17.093
2000,1,8,0,24.908,9.3822,17.145
2000,1,9,0,25.318,10.202,17.76
2000,1,10,0.016045,26.665,11.434,19.049
2000,1,11,0.16305,27.577,12.497,20.037
2000,1,12,0.096804,28.513,13.35,20.931
2000,1,13,0.003209,28.591,14.411,21.501
2000,1,14,0,28.804,15.529,22.166
2000,1,15,0.025466,29.421,15.726,22.574
2000,1,16,0.039609,28.518,16.264,22.391
2000,1,17,0,27.766,14.745,21.256
2000,1,18,0,28.015,15.132,21.573
2000,1,19,0,28.127,13.386,20.756
2000,1,20,0,29.185,13.394,21.289
2000,1,21,0.18506,29.215,14.575,21.895
2000,1,22,0,29.077,15.064,22.07
2000,1,23,0,28.988,15.277,22.133
2000,1,24,0,28.194,14.595,21.395
2000,1,25,0,28.323,14.381,21.352
2000,1,26,0,28.123,15.463,21.793
2000,1,27,0,28.205,15.067,21.636
2000,1,28,0,28.535,15.414,21.974
2000,1,29,0,27.394,14.516,20.955
2000,1,30,0.019509,25.453,11.733,18.593
2000,1,31,0,27.78,12.588,20.184
2000,2,1,0,28.13,14.001,21.066
2000,2,2,0,28.141,15.607,21.874
2000,2,3,0,28.832,15.335,22.083
2000,2,4,0,29.728,15.867,22.797
2000,2,5,0,30.024,17.684,23.854
2000,2,6,0.035358,28.954,17.592,23.273
2000,2,7,0.0099947,28.072,15.844,21.958
2000,2,8,0,27.75,15.791,21.77
2000,2,9,0,27.664,17.767,22.716
2000,2,10,0.019701,28.033,16.41,22.222
2000,2,11,0,29.638,17.953,23.796
2000,2,12,0.023572,28.961,18.253,23.607
2000,2,13,0,27.841,17.471,22.656
2000,2,14,0,27.86,17.45,22.655
2000,2,15,0,27.773,16.661,22.217
2000,2,16,0,29.075,17.19,23.133
2000,2,17,0.43043,28.878,17.884,23.381
2000,2,18,28.159,28.393,16.334,22.364
2000,2,19,1.9575,28.411,15.746,22.079
2000,2,20,0.0099947,27.753,16.065,21.909
2000,2,21,0.33566,27.095,16.464,21.779
2000,2,22,2.085,27.843,17.457,22.65
2000,2,23,0,27.989,18.932,23.46
2000,2,24,0.00043009,27.581,17.734,22.658
2000,2,25,0.17141,25.497,16.848,21.173
2000,2,26,0.10438,25.1,15.837,20.468
2000,2,27,0,26.871,15.676,21.274
2000,2,28,0,28.97,15.913,22.442
2000,2,29,0,30.581,15.589,23.085
2000,3,1,0,31.602,15.837,23.719
2000,3,2,0,32.6,17.653,25.127
2000,3,3,0,33.155,17.749,25.452
2000,3,4,0,33.206,17.996,25.601
2000,3,5,0,33.281,18.052,25.667
2000,3,6,0,33.094,18.273,25.684
2000,3,7,0,33.306,19.266,26.286
2000,3,8,0,32.815,18.779,25.797
2000,3,9,0.0093472,32.483,18.861,25.672
2000,3,10,0,31.822,16.408,24.115
2000,3,11,0,32.878,17.08,24.979
2000,3,12,0,33.46,19.011,26.236
2000,3,13,0,33.766,19.503,26.634
2000,3,14,0,33.382,19.585,26.483
2000,3,15,0.0028172,32.947,18.907,25.927
2000,3,16,0,32.769,17.655,25.212
2000,3,17,0,33.574,17.472,25.523
2000,3,18,0,34.388,19.786,27.087
2000,3,19,0,34.43,20.514,27.472
2000,3,20,0,34.256,19.896,27.076
2000,3,21,0.01402,34.663,19.22,26.941
2000,3,22,0.015189,34.862,21.483,28.172
2000,3,23,0.021614,34.234,21.362,27.798
2000,3,24,0.090557,34.107,20.045,27.076
2000,3,25,2.1878,34.277,20.308,27.292
2000,3,26,0,33.398,20.549,26.974
2000,3,27,0,35.047,21.296,28.172
2000,3,28,0,34.95,20.717,27.834
2000,3,29,0.06775,35.255,20.419,27.837
2000,3,30,0.0032757,35.796,20.206,28.001
2000,3,31,0,36.534,20.658,28.596
2000,4,1,0,36.829,21.395,29.112
2000,4,2,0,37.493,23.016,30.254
2000,4,3,0,37.46,23.751,30.606
2000,4,4,0,37.774,24.323,31.048
2000,4,5,0,38.163,24.69,31.427
2000,4,6,0,38.15,24.414,31.282
2000,4,7,0,37.932,25.047,31.49
2000,4,8,0,37.38,24.627,31.004
2000,4,9,0,38.189,24.925,31.557
2000,4,10,0,38.382,23.87,31.126
2000,4,11,0,38.613,24.094,31.354
2000,4,12,0,38.58,24.44,31.51
2000,4,13,0,38.513,24.691,31.602
2000,4,14,0.030654,38.547,24.938,31.743
2000,4,15,0,38.815,25.515,32.165
2000,4,16,0.75278,38.347,25.181,31.764
2000,4,17,0,36.967,23.485,30.226
2000,4,18,0.2616,37.731,25.127,31.429
2000,4,19,0.0093382,36.865,23.513,30.189
2000,4,20,0,37.203,24.393,30.798
2000,4,21,1.0291,38.478,25.692,32.085
2000,4,22,0,39.29,26.213,32.752
2000,4,23,0,38.786,26.3,32.543
2000,4,24,0,38.192,25.404,31.798
2000,4,25,0,38.504,25.79,32.147
2000,4,26,0,39.336,27.454,33.395
2000,4,27,0,40.135,27.925,34.03
2000,4,28,0.63306,40.805,27.762,34.284
2000,4,29,0,40.932,28.269,34.6
2000,4,30,0,41.149,27.825,34.487
2000,5,1,0.39284,40.653,27.243,33.948
2000,5,2,0.076111,40.471,27.831,34.151
2000,5,3,9.4443e-05,40.057,27.019,33.538
2000,5,4,0,39.011,25.601,32.306
2000,5,5,6.296e-05,38.473,27.112,32.792
2000,5,6,0.17183,38.265,24.477,31.371
2000,5,7,0,35.469,24.952,30.21
2000,5,8,3.8089,36.208,22.983,29.595
2000,5,9,0,35.22,25.107,30.164
2000,5,10,12.348,36.708,25.415,31.061
2000,5,11,0.00035259,36.349,26.172,31.26
2000,5,12,0.12589,38.1,26.688,32.394
2000,5,13,0,38.43,27.121,32.775
2000,5,14,0,39.086,27.398,33.242
2000,5,15,0.18879,39.077,28.059,33.568
2000,5,16,0.13258,38.051,27.875,32.963
2000,5,17,7.8699e-05,37.977,26.949,32.463
2000,5,18,0,37.766,27.287,32.527
2000,5,19,0,38.372,27.157,32.765
2000,5,20,0,37.374,27.614,32.494
2000,5,21,7.2164,35.81,26.215,31.013
2000,5,22,3.4528,34.548,25.103,29.825
2000,5,23,0.085765,34.651,25.469,30.06
2000,5,24,0.0094499,37.206,26.705,31.956
2000,5,25,0,37.12,27.244,32.182
2000,5,26,0,38.057,27.771,32.914
2000,5,27,0,38.084,28.389,33.236
2000,5,28,0.00020777,38.053,28.004,33.029
2000,5,29,0,38.248,28.149,33.198
2000,5,30,0,37.867,26.736,32.301
2000,5,31,0.001378,37.134,27.07,32.102
2000,6,1,0,36.012,24.985,30.498
2000,6,2,16.651,36.283,26.15,31.216
2000,6,3,11.098,36.553,26.15,31.352
2000,6,4,2.5754,34.999,25.112,30.055
2000,6,5,7.0228,32.708,25.348,29.028
2000,6,6,0.93155,31.807,24.098,27.952
2000,6,7,0.10935,28.811,22.957,25.884
2000,6,8,0,29.599,23.929,26.764
2000,6,9,0.95093,30.14,24.702,27.421
2000,6,10,0.15049,31.599,25.226,28.413
2000,6,11,7.9027,32.539,24.668,28.604
2000,6,12,0.10132,31.387,24.482,27.935
2000,6,13,22.643,30.929,25.206,28.067
2000,6,14,0.55915,32.161,25.558,28.859
2000,6,15,0.053867,32.199,25.699,28.949
2000,6,16,0.11558,32.332,25.583,28.957
2000,6,17,0.49924,32.05,25.75,28.9
2000,6,18,56.411,30.502,24.204,27.353
2000,6,19,5.217,27.566,23.031,25.298
2000,6,20,0.070747,27.69,23.267,25.479
2000,6,21,0.059037,28.404,23.934,26.169
2000,6,22,5.966,28.411,24.156,26.284
2000,6,23,0.28087,29.393,24.728,27.06
2000,6,24,0,31.205,25.18,28.192
2000,6,25,0,31.828,25.396,28.612
2000,6,26,0.46414,32.148,24.974,28.561
2000,6,27,29.246,31.152,24.774,27.963
2000,6,28,24.925,30.42,23.318,26.869
2000,6,29,21.244,28.046,22.785,25.415
2000,6,30,1.6639,29.462,23.59,26.526
2000,7,1,15.82,29.23,23.978,26.604
2000,7,2,1.3055,29.828,24.678,27.253
2000,7,3,23.299,30.267,24.245,27.256
2000,7,4,2.1562,31.031,24.215,27.623
2000,7,5,0,31.721,25.225,28.473
2000,7,6,0.025113,31.741,25.079,28.41
2000,7,7,0,31.598,25.056,28.327
2000,7,8,4.0183,30.738,24.138,27.438
2000,7,9,31.889,30.059,24.014,27.036
2000,7,10,1.3222,28.865,23.998,26.432
2000,7,11,8.4065,27.815,23.573,25.694
2000,7,12,23.87,25.876,22.352,24.114
2000,7,13,3.6226,25.597,22.677,24.137
2000,7,14,3.1055,26.487,23.139,24.813
2000,7,15,0.032689,27.582,23.713,25.647
2000,7,16,8.9904,28.164,24.096,26.13
2000,7,17,80.298,26.05,22.353,24.202
2000,7,18,57.489,24.737,21.792,23.264
2000,7,19,14.309,24.87,22.137,23.504
2000,7,20,0.16736,26.112,22.49,24.301
2000,7,21,0.15343,28.663,23.323,25.993
2000,7,22,1.0613,29.004,24.054,26.529
2000,7,23,0.50241,29.782,23.959,26.871
2000,7,24,1.8355,29.572,24.045,26.808
2000,7,25,0,29.539,23.598,26.568
2000,7,26,0.65308,28.701,23.767,26.234
2000,7,27,0.044154,27.708,22.821,25.264
2000,7,28,0,27.917,23.227,25.572
2000,7,29,1.7392,29.47,23.754,26.612
2000,7,30,3.4124,29.885,24.411,27.148
2000,7,31,2.2111,29.865,24.452,27.159
2000,8,1,2.7686,30.543,24.678,27.611
2000,8,2,0,30.398,24.776,27.587
2000,8,3,0.70088,30.443,24.455,27.449
2000,8,4,1.4032,30.766,25.091,27.928
2000,8,5,0.035439,30.83,24.887,27.858
2000,8,6,0.45117,30.325,24.592,27.459
2000,8,7,3.5327,29.086,24.298,26.692
2000,8,8,12.278,28.319,23.165,25.742
2000,8,9,12.672,28.983,23.149,26.066
2000,8,10,39.682,27.972,23.014,25.493
2000,8,11,22.851,27.73,22.862,25.296
2000,8,12,0.15836,27.088,22.842,24.965
2000,8,13,0.78429,27.858,23.464,25.661
2000,8,14,10.928,28.463,23.515,25.989
2000,8,15,17.618,28.653,22.886,25.769
2000,8,16,1.1908,27.87,23.045,25.457
2000,8,17,3.3048,29.086,24.095,26.591
2000,8,18,23.015,28.616,23.747,26.181
2000,8,19,15.793,27.409,22.547,24.978
2000,8,20,1.2165,26.238,22.345,24.291
2000,8,21,10.931,26.772,22.309,24.54
2000,8,22,2.3467,27.748,23.199,25.474
2000,8,23,10.105,29.671,23.935,26.803
2000,8,24,0.92946,29.519,23.467,26.493
2000,8,25,11.431,29.847,23.715,26.781
2000,8,26,0.44566,29.233,23.641,26.437
2000,8,27,10.576,29.096,23.23,26.163
2000,8,28,55.639,27.831,23.166,25.499
2000,8,29,45.513,27.983,23.224,25.604
2000,8,30,44.521,26.832,23.104,24.968
2000,8,31,10.815,26.866,22.388,24.627
2000,9,1,0,28.219,23.391,25.805
2000,9,2,0,28.941,23.52,26.231
2000,9,3,0,28.801,23.375,26.088
2000,9,4,0.024161,29.62,22.841,26.231
2000,9,5,0.11768,29.376,23.128,26.252
2000,9,6,1.4732,29.138,22.987,26.062
2000,9,7,0.58771,27.838,22.654,25.246
2000,9,8,23.96,27.66,23.067,25.364
2000,9,9,4.4509,28.568,23.528,26.048
2000,9,10,1.6262,29.232,23.039,26.136
2000,9,11,0.82915,29.595,22.726,26.161
2000,9,12,0,30.114,22.571,26.342
2000,9,13,0.61893,30.687,23.084,26.885
2000,9,14,0.52306,31.012,24.207,27.61
2000,9,15,0.16596,31.551,23.598,27.574
2000,9,16,3.0422,31.444,23.887,27.666
2000,9,17,1.5871,31.22,24.127,27.674
2000,9,18,2.3213,30.607,23.301,26.954
2000,9,19,5.3493,28.55,22.062,25.306
2000,9,20,0.68297,30.915,23.349,27.132
2000,9,21,0.48873,31.129,23.163,27.146
2000,9,22,0.40837,30.844,22.96,26.902
2000,9,23,0.069699,30.61,23.292,26.951
2000,9,24,18.265,30.517,22.661,26.589
2000,9,25,1.5456,29.463,21.331,25.397
2000,9,26,0,30.673,22.032,26.352
2000,9,27,34.384,30.868,22.294,26.581
2000,9,28,15.79,31.44,22.375,26.907
2000,9,29,1.8148,30.929,22.482,26.705
2000,9,30,0,31.063,22.294,26.679
2000,10,1,0,31.32,21.676,26.498
2000,10,2,0,31.859,21.707,26.783
2000,10,3,0,31.654,22.035,26.845
2000,10,4,4.3774,30.935,22.143,26.539
2000,10,5,0,31.113,22.505,26.809
2000,10,6,0,31.272,22.725,26.999
2000,10,7,0,31.488,22.652,27.07
2000,10,8,2.0315,31.692,22.536,27.114
2000,10,9,0,31.818,22.669,27.244
2000,10,10,7.7045,32.046,22.691,27.369
2000,10,11,0,32.129,22.913,27.521
2000,10,12,0,32.17,22.423,27.297
2000,10,13,1.4015e-07,32.172,21.738,26.955
2000,10,14,0,32.274,20.914,26.594
2000,10,15,0,31.719,20.477,26.098
2000,10,16,0,30.287,19.498,24.893
2000,10,17,0,29.227,19.974,24.601
2000,10,18,0,29.856,21.576,25.716
2000,10,19,0,31.119,22.212,26.666
2000,10,20,0,31.473,22.04,26.756
2000,10,21,0,32.386,21.554,26.97
2000,10,22,0,32.505,20.115,26.31
2000,10,23,1.5863,32.341,20.337,26.339
2000,10,24,0,32.35,20.177,26.264
2000,10,25,0,32.292,19.809,26.05
2000,10,26,0,31.77,19.291,25.531
2000,10,27,0,31.143,17.634,24.389
2000,10,28,0.38549,30.476,17.436,23.956
2000,10,29,0.36306,29.592,17.67,23.631
2000,10,30,0,30.058,19.444,24.751
2000,10,31,0.006633,30.232,18.637,24.435
2000,11,1,0,30.093,18.669,24.381
2000,11,2,0,29.961,18.849,24.405
2000,11,3,0,30.497,20.086,25.292
2000,11,4,0.29374,30.533,19.556,25.044
2000,11,5,0,30.4,19.102,24.751
2000,11,6,0,30.188,17.826,24.007
2000,11,7,0,30.016,17.177,23.596
2000,11,8,0,29.816,17.181,23.498
2000,11,9,0,29.921,17.004,23.462
2000,11,10,0,29.856,16.25,23.053
2000,11,11,0,30.277,16.204,23.241
2000,11,12,0,29.931,16.41,23.17
2000,11,13,0,29.742,16.374,23.058
2000,11,14,0,29.475,16.308,22.891
2000,11,15,0,29.397,15.874,22.636
2000,11,16,0.2261,29.304,15.393,22.349
2000,11,17,0,28.58,14.359,21.469
2000,11,18,0,28.62,14.005,21.312
2000,11,19,0,28.904,14.353,21.628
2000,11,20,0,29.242,15.228,22.235
2000,11,21,0,29.177,15.686,22.431
2000,11,22,0,29.059,16.111,22.585
2000,11,23,0,29.63,16.526,23.078
2000,11,24,0.11435,29.698,15.785,22.741
2000,11,25,0.06807,29.773,15.408,22.59
2000,11,26,0,29.877,15.541,22.709
2000,11,27,0.2198,29.514,16.321,22.918
2000,11,28,0,28.942,16.47,22.706
2000,11,29,0.10726,28.152,16.309,22.23
2000,11,30,0.11175,27.971,16.987,22.479
2000,12,1,0.076064,28.255,17.798,23.027
2000,12,2,0,27.196,14.619,20.907
2000,12,3,0,26.403,13.206,19.804
2000,12,4,0,26.141,11.389,18.765
2000,12,5,0,26.442,10.481,18.461
2000,12,6,0.19493,27.121,10.679,18.9
2000,12,7,1.6438e-05,27.422,10.932,19.177
2000,12,8,0,27.418,11.011,19.215
2000,12,9,0.26138,27.061,10.997,19.029
2000,12,10,0,27.892,11.688,19.79
2000,12,11,0,28.183,11.219,19.701
2000,12,12,0,28.222,12.66,20.441
2000,12,13,0.012464,27.408,12.515,19.962
2000,12,14,0,26.833,11.034,18.934
2000,12,15,0,26.771,11.067,18.919
2000,12,16,0,26.738,11.114,18.926
2000,12,17,0,26.623,10.759,18.691
2000,12,18,0,26.571,10.959,18.765
2000,12,19,0,27.151,11.214,19.182
2000,12,20,0,27.692,12.166,19.929
2000,12,21,0,27.488,12.52,20.004
2000,12,22,0,27.002,11.451,19.226
2000,12,23,0,26.628,10.557,18.593
2000,12,24,0,26.695,10.289,18.492
2000,12,25,0,26.36,10.438,18.399
2000,12,26,0,25.973,10.297,18.135
2000,12,27,0,25.943,10.392,18.167
2000,12,28,0,26.01,10.678,18.344
2000,12,29,0,26.269,10.754,18.512
2000,12,30,0,26.226,11.365,18.796
2000,12,31,0,26.263,12.998,19.63
2001,1,1,0,26.511,14.731,20.621
2001,1,2,4.2128,23.332,14.705,19.019
2001,1,3,0.12485,23.874,14.137,19.006
2001,1,4,0,25.1,13.021,19.061
2001,1,5,0,25.19,11.54,18.365
2001,1,6,0,24.741,11.022,17.882
2001,1,7,0,25.546,10.954,18.25
2001,1,8,0,26.93,13.006,19.968
2001,1,9,0,26.781,13.687,20.234
2001,1,10,0,26.173,13.726,19.949
2001,1,11,0,26.326,12.966,19.646
2001,1,12,0,27.08,13.787,20.433
2001,1,13,0,27.557,15.654,21.606
2001,1,14,0,27.765,15.533,21.649
2001,1,15,0,27.514,15.191,21.353
2001,1,16,0,27.902,15.352,21.627
2001,1,17,0,27.588,15.594,21.591
2001,1,18,0,28.286,15.319,21.802
2001,1,19,0,28.1,14.773,21.436
2001,1,20,0.11221,28.368,13.778,21.073
2001,1,21,0,28.421,12.611,20.516
2001,1,22,0,28.761,13.384,21.073
2001,1,23,0,28.175,13.33,20.752
2001,1,24,0,27.917,12.937,20.427
2001,1,25,0.063589,26.881,10.235,18.558
2001,1,26,0,26.377,10.139,18.258
2001,1,27,0,26.746,10.348,18.547
2001,1,28,0,26.887,10.474,18.68
2001,1,29,0,27.528,11.211,19.369
2001,1,30,0.034195,27.683,11.897,19.79
2001,1,31,0,29.381,13.335,21.358
2001,2,1,0,30.282,12.95,21.616
2001,2,2,0,30.877,14.031,22.454
2001,2,3,0.011197,30.251,14.83,22.54
2001,2,4,0,30.316,16.132,23.224
2001,2,5,0,30.356,16.683,23.52
2001,2,6,0.35438,30.479,16.332,23.405
2001,2,7,0.43629,30.205,14.148,22.177
2001,2,8,0,29.731,12.669,21.2
2001,2,9,0,29.878,12.7,21.289
2001,2,10,0,30.167,12.817,21.492
2001,2,11,0,30.154,13.144,21.649
2001,2,12,0,30.843,14.677,22.76
2001,2,13,0,30.985,15.012,22.999
2001,2,14,0,30.98,15.653,23.317
2001,2,15,0,31.044,17.541,24.293
2001,2,16,0,30.791,16.56,23.676
2001,2,17,0,30.634,16.662,23.648
2001,2,18,0,31.162,17.216,24.189
2001,2,19,0,32.002,18.085,25.043
2001,2,20,0,32.634,18.831,25.733
2001,2,21,0,32.438,18.161,25.299
2001,2,22,0.25823,32.353,17.426,24.889
2001,2,23,0.11078,31.696,14.898,23.297
2001,2,24,0,32.804,16.308,24.556
2001,2,25,0,33.726,17.372,25.549
2001,2,26,0,34.153,18.706,26.429
2001,2,27,0,33.466,19.302,26.384
2001,2,28,0,33.445,20.282,26.864
2001,3,1,0.10076,32.677,19.167,25.922
2001,3,2,0,31.703,19.013,25.358
2001,3,3,0,31.982,18.611,25.297
2001,3,4,0,32.755,18.877,25.816
2001,3,5,0.0093503,32.172,18.311,25.242
2001,3,6,0.39185,30.989,18.122,24.555
2001,3,7,0,32.237,18.633,25.435
2001,3,8,0.26833,32.232,18.727,25.479
2001,3,9,13.916,31.544,18.256,24.9
2001,3,10,0.0012343,30.664,18.692,24.678
2001,3,11,0,30.452,18.383,24.417
2001,3,12,0.28132,31.251,19.293,25.272
2001,3,13,0.089634,32.112,18.868,25.49
2001,3,14,0,32.54,19.113,25.826
2001,3,15,0.15605,33.938,20.384,27.161
2001,3,16,0,33.975,20.82,27.397
2001,3,17,0.11326,34.109,20.844,27.477
2001,3,18,0,34.586,21.266,27.926
2001,3,19,0,35.223,21.596,28.409
2001,3,20,0,35.594,21.328,28.461
2001,3,21,0,35.292,22.891,29.091
2001,3,22,0,35.653,23.427,29.54
2001,3,23,0,36.056,23.017,29.537
2001,3,24,0,35.465,22.356,28.911
2001,3,25,0,35.334,22.743,29.038
2001,3,26,0,35.583,22.832,29.207
2001,3,27,0,36.038,22.638,29.338
2001,3,28,0,36.832,22.816,29.824
2001,3,29,1.748e-10,36.843,23.726,30.285
2001,3,30,0,36.055,23.706,29.88
2001,3,31,0.0030162,35.51,22.365,28.937
2001,4,1,0,35.764,22.22,28.992
2001,4,2,0,35.226,22.72,28.973
2001,4,3,0,35.882,23.13,29.506
2001,4,4,0,36.018,24.006,30.012
2001,4,5,0.012488,34.572,22.616,28.594
2001,4,6,0,36.513,23.643,30.078
2001,4,7,0,36.648,23.635,30.141
2001,4,8,1.0245,37.557,23.646,30.601
2001,4,9,0.011584,37.289,24.853,31.071
2001,4,10,0,35.772,24.359,30.066
2001,4,11,0,37.612,24.494,31.053
2001,4,12,0,36.427,24.655,30.541
2001,4,13,4.8668,32.312,21.144,26.728
2001,4,14,0.073069,31.738,21.041,26.39
2001,4,15,0,32.58,21.858,27.219
2001,4,16,27.121,33.477,23.088,28.282
2001,4,17,24.025,33.24,20.809,27.025
2001,4,18,0,32.246,21.766,27.006
2001,4,19,0.84469,33.232,22.929,28.081
2001,4,20,0,33.219,22.238,27.728
2001,4,21,0,34.583,23.274,28.928
2001,4,22,0,34.992,22.85,28.921
2001,4,23,7.8093,36.143,23.319,29.731
2001,4,24,0.026507,37.339,23.661,30.5
2001,4,25,0,37.881,24.557,31.219
2001,4,26,0,38.686,25.562,32.124
2001,4,27,0.43304,38.47,26.153,32.312
2001,4,28,0,39.275,25.843,32.559
2001,4,29,0,39.237,26.794,33.016
2001,4,30,0.1107,39.657,27.345,33.501
2001,5,1,0.11076,39.424,26.871,33.148
2001,5,2,0.80008,39.515,27.823,33.669
2001,5,3,5.3136,38.618,26.029,32.324
2001,5,4,0,37.742,25.91,31.826
2001,5,5,3.4658,38.631,26.848,32.739
2001,5,6,0.34986,39.397,27.91,33.654
2001,5,7,0,39.528,27.206,33.367
2001,5,8,0.09192,40.063,28.293,34.178
2001,5,9,0,40.256,28.699,34.478
2001,5,10,0,40.653,28.18,34.416
2001,5,11,0.12375,40.384,28.144,34.264
2001,5,12,0,40.74,28.849,34.795
2001,5,13,0,40.96,28.814,34.887
2001,5,14,0,40.127,26.976,33.551
2001,5,15,9.6672,38.975,27.365,33.17
2001,5,16,0,38.678,27.472,33.075
2001,5,17,0,38.208,25.771,31.99
2001,5,18,0,37.217,26.138,31.678
2001,5,19,0,38.24,25.871,32.056
2001,5,20,0,38.074,26.116,32.095
2001,5,21,0,37.635,26.148,31.891
2001,5,22,0,37.951,27.324,32.638
2001,5,23,0.48057,38.737,28.257,33.497
2001,5,24,1.3897,38.953,27.96,33.457
2001,5,25,0,39.962,28.391,34.176
2001,5,26,0,39.786,27.869,33.828
2001,5,27,0,38.018,27.202,32.61
2001,5,28,45.211,37.626,26.028,31.827
2001,5,29,3.2728,37.228,26.465,31.847
2001,5,30,0,36.917,26.967,31.942
2001,5,31,1.4696,37.565,26.221,31.893
2001,6,1,0,36.17,26.89,31.53
2001,6,2,0.069541,37.451,27.071,32.261
2001,6,3,14.627,34.637,25.177,29.907
2001,6,4,2.6877,33.983,24.639,29.311
2001,6,5,6.3909,33.1,23.899,28.499
2001,6,6,0.88091,33.244,23.914,28.579
2001,6,7,0.08172,34.638,25.976,30.307
2001,6,8,10.639,33.771,24.504,29.138
2001,6,9,9.9986,31.945,23.948,27.947
2001,6,10,0.07017,31.504,23.182,27.343
2001,6,11,18.379,30.896,23.736,27.316
2001,6,12,17.757,30.105,23.949,27.027
2001,6,13,121.1,28.249,23.104,25.677
2001,6,14,83.797,27.388,22.817,25.103
2001,6,15,2.5653,26.492,22.093,24.292
2001,6,16,0.042908,27.305,22.692,24.998
2001,6,17,0,29.131,24.035,26.583
2001,6,18,0.054165,30.658,25.048,27.853
2001,6,19,0.092564,29.911,24.156,27.033
2001,6,20,1.3815,28.35,23.218,25.784
2001,6,21,0.94652,29.995,24.419,27.207
2001,6,22,1.2455,31.041,25.599,28.32
2001,6,23,0.89498,31.412,25.519,28.466
2001,6,24,0.019717,30.755,25.041,27.898
2001,6,25,0.83587,30.581,25.392,27.987
2001,6,26,0.25669,31.23,24.972,28.101
2001,6,27,1.852,29.467,24.238,26.853
2001,6,28,5.8822,29.561,24.96,27.261
2001,6,29,13.089,30.306,24.501,27.404
2001,6,30,9.7079,29.594,23.641,26.618
2001,7,1,1.941,28.55,23.557,26.053
2001,7,2,2.2979,30.677,24.875,27.776
2001,7,3,0.68426,30.522,25.215,27.869
2001,7,4,0.098678,30.732,25.306,28.019
2001,7,5,46.7,30.476,24.012,27.244
2001,7,6,86.027,27.514,23.349,25.431
2001,7,7,77.265,26.828,23.17,24.999
2001,7,8,86.617,27.314,23.609,25.461
2001,7,9,57.278,27.487,22.849,25.168
2001,7,10,2.9039,27.234,23.531,25.382
2001,7,11,14.074,27.855,23.648,25.752
2001,7,12,0.19942,26.992,23.324,25.158
2001,7,13,1.13,27.534,23.542,25.538
2001,7,14,1.253,27.963,24.099,26.031
2001,7,15,2.0116,27.831,24.283,26.057
2001,7,16,16.563,26.952,23.715,25.334
2001,7,17,31.084,25.61,22.173,23.892
2001,7,18,21.612,26.122,22.538,24.33
2001,7,19,13.18,26.514,22.93,24.722
2001,7,20,0,26.997,23.413,25.205
2001,7,21,0.16648,28.015,23.991,26.003
2001,7,22,0.19075,27.696,24.052,25.874
2001,7,23,24.938,27.559,23.253,25.406
2001,7,24,3.7884,27.297,23.374,25.336
2001,7,25,1.6544,27.956,23.641,25.798
2001,7,26,2.1349,29.089,24.575,26.832
2001,7,27,2.5698,29.535,24.434,26.984
2001,7,28,1.0062,29.352,24.423,26.888
2001,7,29,0.88813,30.355,24.227,27.291
2001,7,30,2.757,29.724,23.992,26.858
2001,7,31,0.14978,30.499,24.974,27.737
2001,8,1,0.93217,30.542,24.677,27.609
2001,8,2,0.95286,29.742,24.591,27.166
2001,8,3,25.937,28.081,23.134,25.607
2001,8,4,9.3763,26.728,22.917,24.822
2001,8,5,38.951,27.3,23.407,25.354
2001,8,6,49.07,27.751,23.639,25.695
2001,8,7,25.823,28.19,24.154,26.172
2001,8,8,3.2697,29.038,24.377,26.708
2001,8,9,36.22,29.206,23.8,26.503
2001,8,10,2.8196,28.763,23.163,25.963
2001,8,11,17.019,28.345,23.324,25.835
2001,8,12,0.99522,28.455,23.636,26.046
2001,8,13,1.3268,27.616,23.415,25.516
2001,8,14,18.136,26.351,22.726,24.538
2001,8,15,8.5158,25.924,22.292,24.108
2001,8,16,0.14093,27.413,23.08,25.247
2001,8,17,0.51976,27.901,23.328,25.615
2001,8,18,1.8216,26.581,22.688,24.635
2001,8,19,60.094,26.499,22.299,24.399
2001,8,20,103.38,24.865,20.981,22.923
2001,8,21,25.823,24.993,20.972,22.982
2001,8,22,1.3687,25.787,21.758,23.772
2001,8,23,0.2352,26.709,22.172,24.441
2001,8,24,24.552,27.21,22.231,24.72
2001,8,25,1.093,28.097,22.53,25.314
2001,8,26,36.856,29.484,23.261,26.372
2001,8,27,0.16455,29.817,23.048,26.433
2001,8,28,0,29.807,23.545,26.676
2001,8,29,0,29.769,23.151,26.46
2001,8,30,0.57904,29.307,22.742,26.025
2001,8,31,0.14095,29.121,22.839,25.98
2001,9,1,1.4827,29.639,23.217,26.428
2001,9,2,0.12693,29.467,23.262,26.365
2001,9,3,6.2601,29.588,23.533,26.561
2001,9,4,10.275,30.323,23.79,27.056
2001,9,5,1.3534,29.639,22.833,26.236
2001,9,6,0.61042,29.835,23.162,26.499
2001,9,7,0.57542,30.82,23.136,26.978
2001,9,8,0.20055,30.723,23.572,27.147
2001,9,9,0.038579,31.308,24.052,27.68
2001,9,10,0.68499,31.375,23.333,27.354
2001,9,11,2.2125,31.267,23.603,27.435
2001,9,12,0.87032,30.632,22.788,26.71
2001,9,13,34.309,30.589,23.012,26.801
2001,9,14,5.5935,31.25,23.088,27.169
2001,9,15,0,31.512,23.104,27.308
2001,9,16,10.555,30.452,22.931,26.692
2001,9,17,0.12155,31.485,23.046,27.265
2001,9,18,12.67,30.376,22.587,26.481
2001,9,19,3.7335,31.679,22.701,27.19
2001,9,20,1.4556e-08,31.677,22.523,27.1
2001,9,21,0.35284,31.406,22.434,26.92
2001,9,22,0.031776,32.256,22.704,27.48
2001,9,23,0.44539,32.809,22.869,27.839
2001,9,24,0.42832,32.634,22.944,27.789
2001,9,25,0.27426,32.569,22.91,27.739
2001,9,26,0.50128,32.232,22.421,27.327
2001,9,27,1.486,31.479,22.464,26.972
2001,9,28,3.2644,31.779,22.373,27.076
2001,9,29,3.0976,31.115,22.579,26.847
2001,9,30,31.02,29.783,22.274,26.028
2001,10,1,19.86,28.862,22.019,25.441
2001,10,2,0.43504,29.207,22.552,25.88
2001,10,3,0.95142,28.48,22.171,25.326
2001,10,4,4.4908,28.786,22.576,25.681
2001,10,5,0,29.369,22.379,25.874
2001,10,6,0.38313,29.887,22.464,26.175
2001,10,7,5.242,29.567,21.851,25.709
2001,10,8,0.036574,30.581,22.355,26.468
2001,10,9,0,30.926,22.816,26.871
2001,10,10,0,30.677,22.757,26.717
2001,10,11,28.623,30.731,21.821,26.276
2001,10,12,1.5226,28.463,21.971,25.217
2001,10,13,0.32723,31.009,22.462,26.736
2001,10,14,0.53909,31.116,21.554,26.335
2001,10,15,0.60202,30.819,21.934,26.376
2001,10,16,4.0541,30.403,21.064,25.733
2001,10,17,0.33698,29.779,21.198,25.488
2001,10,18,0,29.701,21.021,25.361
2001,10,19,0,30.48,20.72,25.6
2001,10,20,0,30.511,19.622,25.066
2001,10,21,0,30.558,19.224,24.891
2001,10,22,0,30.313,18.335,24.324
2001,10,23,0,30.091,18.737,24.414
2001,10,24,0,30.024,19.74,24.882
2001,10,25,0,30.135,18.957,24.546
2001,10,26,0,29.824,18.439,24.132
2001,10,27,0,30.273,17.788,24.031
2001,10,28,0,30.464,18.119,24.292
2001,10,29,2.2101,30.18,18.094,24.137
2001,10,30,0.87127,29.841,18.608,24.224
2001,10,31,0.1875,30.231,19.821,25.026
2001,11,1,0,30.978,19.846,25.412
2001,11,2,0,31.058,18.639,24.849
2001,11,3,0.11351,31.082,17.823,24.453
2001,11,4,0,31.252,18.09,24.671
2001,11,5,0,31.216,18.337,24.777
2001,11,6,0,30.45,19.301,24.875
2001,11,7,0.38688,28.977,18.257,23.617
2001,11,8,0.15622,28.85,18.461,23.656
2001,11,9,0.086494,28.523,18.539,23.531
2001,11,10,0.33782,27.971,18.358,23.164
2001,11,11,0.41179,26.167,17.576,21.871
2001,11,12,10.112,25.511,16.445,20.978
2001,11,13,0,27.466,16.874,22.17
2001,11,14,0.41176,28.221,18.626,23.424
2001,11,15,1.1908,29.142,19.611,24.376
2001,11,16,0.032918,29.776,19.94,24.858
2001,11,17,8.7834,28.882,19.625,24.254
2001,11,18,0.0081418,29.276,19.253,24.265
2001,11,19,1.8779,30.018,18.645,24.332
2001,11,20,0,29.025,16.514,22.769
2001,11,21,0,28.256,15.712,21.984
2001,11,22,0,28.541,15.716,22.128
2001,11,23,0,28.3,15.687,21.993
2001,11,24,0,27.651,14.922,21.287
2001,11,25,0,27.543,14.985,21.264
2001,11,26,0,27.398,15.348,21.373
2001,11,27,0,26.716,15.345,21.031
2001,11,28,0,26.531,14.338,20.435
2001,11,29,0,26.41,13.38,19.895
2001,11,30,0,26.338,13.58,19.959
2001,12,1,0,26.233,12.467,19.35
2001,12,2,0,26.353,11.012,18.682
2001,12,3,0,26.91,11.754,19.332
2001,12,4,0,27.231,11.599,19.415
2001,12,5,0,27.286,12.003,19.645
2001,12,6,0,27.109,12.194,19.652
2001,12,7,0,27.562,12.159,19.86
2001,12,8,0.036974,27.459,12.222,19.841
2001,12,9,0,27.934,12.999,20.467
2001,12,10,0,28.705,13.475,21.09
2001,12,11,0,28.663,13.929,21.296
2001,12,12,0,28.618,14.114,21.366
2001,12,13,0,28.793,15.055,21.924
2001,12,14,0,28.29,14.185,21.238
2001,12,15,0,27.256,13.924,20.59
2001,12,16,0,26.984,13.36,20.172
2001,12,17,0,27.291,13.579,20.435
2001,12,18,0,27.344,13.24,20.292
2001,12,19,0,26.788,12.259,19.524
2001,12,20,0,26.431,12.333,19.382
2001,12,21,0,25.393,12.686,19.039
2001,12,22,0,23.673,10.66,17.166
2001,12,23,0,23.898,10.992,17.445
2001,12,24,0,24.709,9.8899,17.3
2001,12,25,0,24.939,10.097,17.518
2001,12,26,0,25.063,11.242,18.152
2001,12,27,0,26.435,12.206,19.32
2001,12,28,0,26.499,12.5,19.5
2001,12,29,0,26.514,12.503,19.509
2001,12,30,0,26.08,12.858,19.469
2001,12,31,0,25.479,13.356,19.418
2002,1,1,0,25.138,11.68,18.409
2002,1,2,0,24.885,10.038,17.461
2002,1,3,0,24.119,8.3735,16.246
2002,1,4,0.10443,24.049,8.5573,16.303
2002,1,5,0.10443,24.421,9.6498,17.035
2002,1,6,4.2236,24.618,12.044,18.331
2002,1,7,0.95182,22.266,11.838,17.052
2002,1,8,0.67366,24.246,13.114,18.68
2002,1,9,0,24.986,12.375,18.68
2002,1,10,0,25.302,11.285,18.294
2002,1,11,0,25.166,10.599,17.883
2002,1,12,0,25.663,10.39,18.026
2002,1,13,0,26.045,10.686,18.365
2002,1,14,0,26.462,11.445,18.954
2002,1,15,0,27.802,12.791,20.297
2002,1,16,0,28.628,13.984,21.306
2002,1,17,0,28.602,14.321,21.461
2002,1,18,0,28.316,14.173,21.244
2002,1,19,0,27.5,14.702,21.101
2002,1,20,0,28.041,15.478,21.76
2002,1,21,0,28.458,16.719,22.589
2002,1,22,0,28.463,17.664,23.063
2002,1,23,1.5287,27.803,17.281,22.542
2002,1,24,0,27.637,17.472,22.555
2002,1,25,0.028458,27.638,15.134,21.386
2002,1,26,0,27.128,13.832,20.48
2002,1,27,0,27.335,15.637,21.486
2002,1,28,0,27.564,16.74,22.152
2002,1,29,0.055356,25.029,14.985,20.007
2002,1,30,0.036903,24.697,14.088,19.392
2002,1,31,0,24.502,13.514,19.008
2002,2,1,0.047663,25.94,12.98,19.46
2002,2,2,0,26.698,12.838,19.768
2002,2,3,0,26.995,12.749,19.872
2002,2,4,0,26.941,12.161,19.551
2002,2,5,0,27.837,13.796,20.817
2002,2,6,0,28.536,15.499,22.017
2002,2,7,0,28.624,17.184,22.904
2002,2,8,0.020367,26.982,16.395,21.688
2002,2,9,0.53144,26.605,15.796,21.2
2002,2,10,0.0091812,28.157,16.277,22.217
2002,2,11,0.0051074,29.561,17.549,23.555
2002,2,12,0,28.559,18.529,23.544
2002,2,13,0,28.631,16.896,22.764
2002,2,14,0,29.492,17,23.246
2002,2,15,0,29.469,16.686,23.078
2002,2,16,0,29.903,15.374,22.638
2002,2,17,0,30.487,15.37,22.928
2002,2,18,0,31.267,15.789,23.528
2002,2,19,0,30.612,16.388,23.5
2002,2,20,0,30.564,15.788,23.176
2002,2,21,0,31.629,17.368,24.498
2002,2,22,0,32.167,17.768,24.967
2002,2,23,0,32.528,18.1,25.314
2002,2,24,0.79861,32.933,18.486,25.71
2002,2,25,0.0067505,33.294,18.847,26.071
2002,2,26,0,32.7,18.343,25.521
2002,2,27,0.007783,31.798,17.585,24.691
2002,2,28,0,32.441,17.728,25.085
2002,3,1,0,32.641,18.657,25.649
2002,3,2,0,33.027,19.402,26.214
2002,3,3,0,33.303,19.357,26.33
2002,3,4,0,31.692,18.104,24.898
2002,3,5,0,32.004,16.82,24.412
2002,3,6,0,32.457,17.378,24.918
2002,3,7,0,32.418,19.327,25.873
2002,3,8,0,32.231,19.761,25.996
2002,3,9,0.063123,32.021,20.456,26.239
2002,3,10,0.079851,33.099,20.167,26.633
2002,3,11,0,34.19,20.27,27.23
2002,3,12,0,34.356,19.734,27.045
2002,3,13,0,33.843,18.624,26.233
2002,3,14,0,33.844,19.31,26.577
2002,3,15,1.7032e-07,33.331,20.192,26.762
2002,3,16,0,32.934,19.166,26.05
2002,3,17,0,33.504,18.887,26.195
2002,3,18,0,34.293,19.503,26.898
2002,3,19,0,34.927,18.453,26.69
2002,3,20,0,35.023,18.542,26.783
2002,3,21,0,35.179,19.019,27.099
2002,3,22,0,34.945,20.905,27.925
2002,3,23,0,34.616,19.804,27.21
2002,3,24,0,35.826,20.74,28.283
2002,3,25,0.069818,36.186,22.169,29.177
2002,3,26,0,36.11,22.565,29.338
2002,3,27,0,36.108,23.156,29.632
2002,3,28,0.44369,35.291,22.295,28.793
2002,3,29,0.095757,34.248,22.527,28.387
2002,3,30,1.4556,34.169,21.462,27.816
2002,3,31,0.022203,35.261,21.456,28.359
2002,4,1,0,36.115,22.914,29.515
2002,4,2,0.26283,35.74,23.336,29.538
2002,4,3,0,35.803,23.712,29.757
2002,4,4,0,36.287,23.096,29.692
2002,4,5,0,36.495,22.162,29.328
2002,4,6,4.7726,36.563,23.822,30.192
2002,4,7,0.0008054,36.62,24.005,30.312
2002,4,8,0.087123,34.937,23.438,29.188
2002,4,9,0.0017981,34.617,22.153,28.385
2002,4,10,0,35.393,22.709,29.051
2002,4,11,0,35.496,23.297,29.396
2002,4,12,0.0023269,36.076,22.772,29.424
2002,4,13,0.0079095,36.091,22.556,29.323
2002,4,14,0,36.525,23.605,30.065
2002,4,15,0,36.975,24.518,30.746
2002,4,16,0,38.126,24.914,31.52
2002,4,17,0.58021,38.337,25.32,31.828
2002,4,18,2.2893,38.809,26.289,32.549
2002,4,19,0.22414,38.614,25.955,32.285
2002,4,20,11.446,38.56,26.652,32.606
2002,4,21,0,37.334,26.396,31.865
2002,4,22,0.002998,37.531,25.232,31.381
2002,4,23,6.1719,37.69,24.744,31.217
2002,4,24,1.5005e-10,38.163,25.953,32.058
2002,4,25,0.0048234,38.382,26.915,32.648
2002,4,26,6.2292,38.227,26.979,32.603
2002,4,27,0.13397,37.815,24.972,31.394
2002,4,28,0.061776,38.558,25.613,32.085
2002,4,29,1.6451e-06,39.001,27.025,33.013
2002,4,30,0.25838,39.025,26.942,32.984
2002,5,1,0.20329,38.96,26.101,32.531
2002,5,2,0,38.996,26.806,32.901
2002,5,3,0.089156,38.974,27.191,33.083
2002,5,4,0,38.431,26.724,32.577
2002,5,5,0.13789,38.92,27.539,33.23
2002,5,6,0.00026882,39.009,27.423,33.216
2002,5,7,0.11754,38.686,26.574,32.63
2002,5,8,0.16741,39.385,27.355,33.37
2002,5,9,8.8392e-05,40.681,27.082,33.882
2002,5,10,0.19898,41.47,28.157,34.814
2002,5,11,0.0050892,41.332,28.929,35.13
2002,5,12,0.12669,41.777,28.85,35.314
2002,5,13,0.52654,42.401,29.353,35.877
2002,5,14,0.14283,42.126,30.266,36.196
2002,5,15,0,40.518,27.369,33.943
2002,5,16,0.32773,38.362,26.91,32.636
2002,5,17,0.71378,39.144,28.041,33.592
2002,5,18,1.658,38.516,26.744,32.63
2002,5,19,0.10145,40.294,29.594,34.944
2002,5,20,0.17628,40.629,29.186,34.908
2002,5,21,0.093566,39.686,28.513,34.1
2002,5,22,0.20286,39.655,28.089,33.872
2002,5,23,0.54887,40.768,29.197,34.983
2002,5,24,0.3891,40.859,29.062,34.961
2002,5,25,0.49261,37.633,25.818,31.726
2002,5,26,1.2514,35.895,25.154,30.524
2002,5,27,5.0642,35.693,24.417,30.055
2002,5,28,0.50231,37.111,25.659,31.385
2002,5,29,0.3013,36.743,24.701,30.722
2002,5,30,4.5206,36.455,24.263,30.359
2002,5,31,0,36.052,25.262,30.657
2002,6,1,0.019171,36.074,25.475,30.775
2002,6,2,2.2769,36.77,26.641,31.706
2002,6,3,7.0455,36.212,25.656,30.934
2002,6,4,0,36.209,26.627,31.418
2002,6,5,0,35.629,26.809,31.219
2002,6,6,0.78186,34.064,24.163,29.114
2002,6,7,0,34.824,25.075,29.949
2002,6,8,0,34.696,26.19,30.443
2002,6,9,6.7325,36.706,26.695,31.7
2002,6,10,1.1287,35.226,26.55,30.888
2002,6,11,11.28,33.04,24.198,28.619
2002,6,12,11.801,33.4,25.578,29.489
2002,6,13,9.7014,34.256,25.071,29.664
2002,6,14,0.32117,34.457,25.886,30.171
2002,6,15,0.64394,33.319,25.583,29.451
2002,6,16,1.2426,35.093,26.504,30.798
2002,6,17,9.918,34.311,24.599,29.455
2002,6,18,0,33.239,25.56,29.4
2002,6,19,11.279,33.113,25.018,29.065
2002,6,20,0.46889,31.799,24.571,28.185
2002,6,21,8.6504,29.225,22.963,26.094
2002,6,22,4.3144,28.525,23.518,26.021
2002,6,23,39.992,30.057,23.358,26.708
2002,6,24,30.581,30.169,23.446,26.808
2002,6,25,6.2528,26.802,22.369,24.585
2002,6,26,0,26.828,21.914,24.371
2002,6,27,0,27.448,22.872,25.16
2002,6,28,0.098417,29.122,24.283,26.702
2002,6,29,0.11276,31.211,24.19,27.701
2002,6,30,0.039208,31.768,25.075,28.421
2002,7,1,2.2319,30.399,25.138,27.768
2002,7,2,0,30.532,25.315,27.924
2002,7,3,0,30.757,25.065,27.911
2002,7,4,0.087099,31.298,24.656,27.977
2002,7,5,0.67509,31.461,25.236,28.348
2002,7,6,1.781,31.052,25.028,28.04
2002,7,7,5.1791,31.943,25.302,28.622
2002,7,8,0,32.748,25.365,29.057
2002,7,9,2.1504e-06,32.215,24.558,28.387
2002,7,10,0.95928,32.318,25.546,28.932
2002,7,11,1.3319,32.4,25.557,28.978
2002,7,12,0.26491,32.953,25.299,29.126
2002,7,13,2.0698,32.046,24.325,28.185
2002,7,14,9.3915,32.604,25.729,29.166
2002,7,15,3.7862,31.935,25.14,28.537
2002,7,16,8.7969,31.067,24.271,27.669
2002,7,17,0.60612,29.953,23.905,26.929
2002,7,18,72.154,28.885,23.144,26.014
2002,7,19,15.259,27.17,23.18,25.175
2002,7,20,2.2075,28.06,24.012,26.036
2002,7,21,0,27.826,23.886,25.856
2002,7,22,0.15678,27.995,23.831,25.913
2002,7,23,7.4096,29.426,24.419,26.923
2002,7,24,0.31527,29.768,24.169,26.969
2002,7,25,0.34876,30.568,24.328,27.448
2002,7,26,0.81171,30.908,24.679,27.794
2002,7,27,2.2024,31.249,24.463,27.856
2002,7,28,0.47083,31.607,24.914,28.26
2002,7,29,10.724,31.94,24.815,28.377
2002,7,30,1.1805,31.333,24.935,28.134
2002,7,31,20.999,30.364,23.845,27.105
2002,8,1,32.21,29.605,23.804,26.705
2002,8,2,13.318,29.697,24.508,27.102
2002,8,3,21.255,30.02,24.225,27.122
2002,8,4,1.8857,28.694,23.841,26.267
2002,8,5,5.82,28.568,23.368,25.968
2002,8,6,3.011,27.438,23.072,25.255
2002,8,7,9.4104,27.672,23.37,25.521
2002,8,8,6.0272,27.209,22.787,24.998
2002,8,9,9.1667,26.094,22.059,24.076
2002,8,10,30.157,26.415,22.473,24.444
2002,8,11,0,27.515,23.29,25.403
2002,8,12,5.0591,27.169,22.965,25.067
2002,8,13,33.448,25.647,22.215,23.931
2002,8,14,26.816,26.005,22.859,24.432
2002,8,15,12.218,26.63,23.096,24.863
2002,8,16,0.65713,27.324,23.446,25.385
2002,8,17,16.869,26.174,22.516,24.345
2002,8,18,1.5367,25.658,22.081,23.87
2002,8,19,0.25083,27.02,22.659,24.839
2002,8,20,1.6405,26.433,22.858,24.645
2002,8,21,3.5575,27.102,22.718,24.91
2002,8,22,16.638,26.072,22.492,24.282
2002,8,23,75.089,26.182,22.025,24.104
2002,8,24,32.072,26.226,21.937,24.081
2002,8,25,0.36709,27.364,22.138,24.751
2002,8,26,1.3982,28.616,23.135,25.876
2002,8,27,0.85124,29.781,23.638,26.709
2002,8,28,6.8561,29.626,23.343,26.484
2002,8,29,4.1286,28.047,23.034,25.541
2002,8,30,37.682,27.715,22.826,25.27
2002,8,31,1.3467,27.51,22.095,24.802
2002,9,1,21.335,27.604,22.902,25.253
2002,9,2,34.52,27.812,22.991,25.401
2002,9,3,0.030208,28.199,23,25.599
2002,9,4,0.17255,28.152,22.838,25.495
2002,9,5,0.093403,28.841,22.93,25.885
2002,9,6,0.95385,27.983,22.762,25.373
2002,9,7,17.146,27.369,22.619,24.994
2002,9,8,9.4141,27.853,22.593,25.223
2002,9,9,3.8637,27.414,22.181,24.798
2002,9,10,15.449,27.151,22.31,24.731
2002,9,11,2.1241,27.994,22.634,25.314
2002,9,12,1.4092,28.744,22.915,25.83
2002,9,13,0.5452,29.224,22.915,26.069
2002,9,14,0,30.4,23.611,27.006
2002,9,15,5.262,30.745,22.747,26.746
2002,9,16,11.942,31.223,22.246,26.735
2002,9,17,3.6634e-06,31.265,22.472,26.868
2002,9,18,0,31.051,22.734,26.892
2002,9,19,0,31.458,22.766,27.112
2002,9,20,0.52601,31.21,22.749,26.979
2002,9,21,1.4603,30.691,23.038,26.865
2002,9,22,0.25633,31.154,22.821,26.987
2002,9,23,0.64798,30.814,22.713,26.764
2002,9,24,0.17863,31.81,23.158,27.484
2002,9,25,0.29748,31.692,23.095,27.394
2002,9,26,0.73558,31.453,22.798,27.125
2002,9,27,0.14761,31.756,22.471,27.113
2002,9,28,0,31.431,21.845,26.638
2002,9,29,0.39034,32.284,22.517,27.4
2002,9,30,0.084961,32.102,22.02,27.061
2002,10,1,0,31.895,22.046,26.971
2002,10,2,7.9761,32.076,22.58,27.328
2002,10,3,0.01212,32.433,22.398,27.416
2002,10,4,0.19441,32.903,22.696,27.799
2002,10,5,0.3635,32.397,21.821,27.109
2002,10,6,1.9041,32.325,21.9,27.113
2002,10,7,0.25934,32.126,22.12,27.123
2002,10,8,0.81174,32.546,22.889,27.717
2002,10,9,1.3035,31.884,22.663,27.274
2002,10,10,0.085335,31.453,22.28,26.867
2002,10,11,0.003783,31.014,22.658,26.836
2002,10,12,0,30.683,22.454,26.569
2002,10,13,0.047144,29.66,22.465,26.063
2002,10,14,0.016053,29.042,21.625,25.333
2002,10,15,39.282,29.015,21.722,25.368
2002,10,16,16.898,29.244,22.4,25.822
2002,10,17,5.0056,29.458,22.394,25.926
2002,10,18,4.57,28.648,21.845,25.247
2002,10,19,0,28.962,20.259,24.611
2002,10,20,0,30.062,19.904,24.983
2002,10,21,0,31.002,19.613,25.307
2002,10,22,0,30.329,19.6,24.965
2002,10,23,0,30.257,20.325,25.291
2002,10,24,0.27005,29.376,20.929,25.152
2002,10,25,1.297,29.531,20.28,24.906
2002,10,26,0.15433,28.705,19.378,24.041
2002,10,27,0,28.492,18.45,23.471
2002,10,28,0.46158,28.242,17.265,22.753
2002,10,29,0,28.78,16.03,22.405
2002,10,30,0.027315,29.478,16.011,22.744
2002,10,31,0.0373,29.302,16.533,22.918
2002,11,1,0.066132,29.3,18.101,23.7
2002,11,2,0.14344,28.726,18.607,23.667
2002,11,3,0.011762,28.67,17.259,22.965
2002,11,4,0,29.294,17.048,23.171
2002,11,5,0,29.369,16.069,22.719
2002,11,6,0,29.121,15.975,22.548
2002,11,7,0,28.873,16.627,22.75
2002,11,8,0.022157,28.48,17.569,23.024
2002,11,9,0,29.163,19.507,24.335
2002,11,10,0,29.021,20.497,24.759
2002,11,11,0,27.565,19.817,23.691
2002,11,12,0,27.631,19.34,23.485
2002,11,13,0,27.776,18.083,22.93
2002,11,14,0,27.902,16.986,22.444
2002,11,15,0,27.876,16.247,22.062
2002,11,16,0,27.926,15.684,21.805
2002,11,17,0,27.541,15.441,21.491
2002,11,18,0,27.288,14.522,20.905
2002,11,19,0,27.449,13.665,20.557
2002,11,20,0.025684,27.683,13.439,20.561
2002,11,21,0,27.993,13.599,20.796
2002,11,22,0,27.696,13.858,20.777
2002,11,23,0,27.627,14.414,21.021
2002,11,24,0,27.491,15.215,21.353
2002,11,25,0,27.792,14.589,21.191
2002,11,26,0,28.461,14.949,21.705
2002,11,27,0,28.661,14.796,21.729
2002,11,28,0,28.266,13.567,20.917
2002,11,29,0,27.511,12.458,19.984
2002,11,30,0,27.504,12.627,20.066
2002,12,1,0,28.217,13.239,20.728
2002,12,2,0,27.725,13.755,20.74
2002,12,3,0,27.697,13.776,20.736
2002,12,4,0,27.494,14.511,21.003
2002,12,5,0,27.324,14.351,20.838
2002,12,6,0,27.725,14.393,21.059
2002,12,7,0,28.006,14.508,21.257
2002,12,8,0,27.725,14.856,21.29
2002,12,9,0,27.99,15.258,21.624
2002,12,10,0,28.184,15.184,21.684
2002,12,11,0,28.037,15.139,21.588
2002,12,12,0,27.494,14.845,21.17
2002,12,13,0,27.503,14.763,21.133
2002,12,14,0,27.537,14.198,20.867
2002,12,15,0,27.132,13.408,20.27
2002,12,16,0,27.544,13.576,20.56
2002,12,17,0,27.512,13.165,20.338
2002,12,18,0,28.128,13.903,21.016
2002,12,19,0,28.831,13.868,21.349
2002,12,20,0,28.958,14.49,21.724
2002,12,21,0,28.963,14.512,21.738
2002,12,22,0,29.076,14.394,21.735
2002,12,23,0,28.253,14.482,21.368
2002,12,24,0,27.856,15.013,21.434
2002,12,25,0,27.063,15.115,21.089
2002,12,26,0,27.313,14.643,20.978
2002,12,27,0,27.028,14.005,20.516
2002,12,28,0,26.472,13.506,19.989
2002,12,29,0,26.354,12.758,19.556
2002,12,30,0,26.279,14.133,20.206
2002,12,31,0,26.607,15.914,21.261
2003,1,1,0,25.788,15.4,20.594
2003,1,2,0,25.222,13.362,19.292
2003,1,3,0,24.887,15.067,19.977
2003,1,4,0.081768,25.89,15.048,20.469
2003,1,5,0.093381,26.757,14.499,20.628
2003,1,6,0,26.236,13.482,19.859
2003,1,7,0,26.347,12.076,19.211
2003,1,8,0,26.855,12.593,19.724
2003,1,9,0,26.297,12.921,19.609
2003,1,10,0,25.909,13.359,19.634
2003,1,11,0,25.696,13.052,19.374
2003,1,12,0,26.052,13.763,19.908
2003,1,13,0,26.243,13.82,20.031
2003,1,14,0,25.322,14.024,19.673
2003,1,15,0,25.024,11.685,18.355
2003,1,16,0,25.01,9.4188,17.215
2003,1,17,0,24.296,8.4985,16.397
2003,1,18,0,25.264,9.064,17.164
2003,1,19,0,25.984,9.7328,17.858
2003,1,20,0,26.63,11.313,18.971
2003,1,21,0,27.446,12.142,19.794
2003,1,22,0,27.968,13.4,20.684
2003,1,23,0,28.706,14.503,21.605
2003,1,24,0,29.408,15.806,22.607
2003,1,25,0,29.526,15.564,22.545
2003,1,26,0.068027,30.029,16.408,23.218
2003,1,27,0,29.494,15.227,22.36
2003,1,28,0,30.492,15.53,23.011
2003,1,29,0,30.105,15.908,23.007
2003,1,30,0,29.049,16.334,22.691
2003,1,31,0,29.158,16.582,22.87
2003,2,1,0,30.081,18.028,24.054
2003,2,2,0,29.831,18.162,23.996
2003,2,3,0.00040145,29.989,18.044,24.016
2003,2,4,0,28.979,17.667,23.323
2003,2,5,0.02344,27.75,16.748,22.249
2003,2,6,0.06225,27.702,16.137,21.92
2003,2,7,0,28.416,15.215,21.816
2003,2,8,0,29.515,16.95,23.232
2003,2,9,1.2186,29.182,17.602,23.392
2003,2,10,0.0084352,28.333,17.246,22.79
2003,2,11,0,28.578,17.983,23.281
2003,2,12,0.00025425,28.726,17.667,23.197
2003,2,13,0.23244,29.719,18.331,24.025
2003,2,14,0,29.524,18.303,23.914
2003,2,15,0.11349,29.295,17.963,23.629
2003,2,16,0.097277,30.041,18.755,24.398
2003,2,17,0.020193,30.193,19.829,25.011
2003,2,18,0.47428,29.503,19.626,24.564
2003,2,19,0,29.637,19.603,24.62
2003,2,20,0.52133,30.437,19.068,24.753
2003,2,21,0,30.023,17.699,23.861
2003,2,22,0,30.149,16.89,23.519
2003,2,23,0.37929,30.392,17.487,23.94
2003,2,24,0,30.69,18.572,24.631
2003,2,25,0.0038913,31.408,19.32,25.364
2003,2,26,0,32.066,20.419,26.243
2003,2,27,0.02581,32.385,20.26,26.323
2003,2,28,0,33.343,20.138,26.74
2003,3,1,0.090735,33.555,20.951,27.253
2003,3,2,0.034077,33.954,20.723,27.338
2003,3,3,0.017296,34.679,21.187,27.933
2003,3,4,0,34.546,21.723,28.134
2003,3,5,0,31.617,16.774,24.195
2003,3,6,0,30.317,14.954,22.635
2003,3,7,0,30.778,15.395,23.086
2003,3,8,0.64413,31.472,14.791,23.131
2003,3,9,0,32.316,16.307,24.312
2003,3,10,0.1083,32.911,18.929,25.92
2003,3,11,0.1083,32.418,20.772,26.595
2003,3,12,0,32.329,21.343,26.836
2003,3,13,0,32.17,21.321,26.746
2003,3,14,0,33.283,20.4,26.841
2003,3,15,0.096779,33.264,21.005,27.135
2003,3,16,20.588,32.329,22.265,27.297
2003,3,17,42.466,30.954,19.879,25.417
2003,3,18,22.333,31.171,19.657,25.414
2003,3,19,0,32.327,20.371,26.349
2003,3,20,0.5952,31.314,20.29,25.802
2003,3,21,0,32.698,20.478,26.588
2003,3,22,0,33.943,20.539,27.241
2003,3,23,0,34.559,20.924,27.742
2003,3,24,0.032855,35.438,21.318,28.378
2003,3,25,0,35.558,22.608,29.083
2003,3,26,2.244,35.257,22.245,28.751
2003,3,27,0.051998,34.627,21.895,28.261
2003,3,28,0.0025238,34.878,21.968,28.423
2003,3,29,0.10029,34.96,23.023,28.992
2003,3,30,0,35.734,23.524,29.629
2003,3,31,0.013779,36.531,23.815,30.173
2003,4,1,0.016049,36.477,22.422,29.449
2003,4,2,0,36.814,23.113,29.964
2003,4,3,0,37.509,24.596,31.052
2003,4,4,0,37.221,25.26,31.24
2003,4,5,0,36.898,24.451,30.674
2003,4,6,0.0039947,36.464,24.768,30.616
2003,4,7,0.62691,35.302,23.788,29.545
2003,4,8,0.10175,34.884,23.855,29.369
2003,4,9,0.023873,35.37,24.129,29.749
2003,4,10,0.48534,35.997,24.118,30.058
2003,4,11,1.6192,36.437,24.299,30.368
2003,4,12,0.0047034,37.102,24.493,30.797
2003,4,13,0,37.557,24.933,31.245
2003,4,14,0.59668,38.185,25.424,31.804
2003,4,15,4.3083,37.799,24.777,31.288
2003,4,16,0,38.143,25.739,31.941
2003,4,17,0.46874,38.197,25.791,31.994
2003,4,18,0,38.555,26.578,32.566
2003,4,19,0.61876,38.615,26.917,32.766
2003,4,20,14.109,38.237,26.293,32.265
2003,4,21,0,37.663,26.103,31.883
2003,4,22,0.0051873,38.417,26.201,32.309
2003,4,23,0,38.963,26.401,32.682
2003,4,24,0,39.353,26.626,32.99
2003,4,25,0.02334,39.407,26.321,32.864
2003,4,26,0,38.931,27.053,32.992
2003,4,27,0,38.359,26.713,32.536
2003,4,28,0,38.196,26.343,32.269
2003,4,29,0.0002503,37.305,25.519,31.412
2003,4,30,4.8034,36.801,23.938,30.369
2003,5,1,0,36.732,25.613,31.173
2003,5,2,0.00043253,37.956,26.407,32.182
2003,5,3,0,38.858,28.159,33.508
2003,5,4,0.013304,39.208,27.949,33.578
2003,5,5,0,38.797,27,32.898
2003,5,6,0.19066,39.259,26.902,33.081
2003,5,7,0,39.367,26.939,33.153
2003,5,8,0.031116,40.01,26.924,33.467
2003,5,9,0,39.442,26.669,33.055
2003,5,10,0,39.279,26.389,32.834
2003,5,11,0,38.575,25.265,31.92
2003,5,12,0,38.095,25.322,31.709
2003,5,13,0,38.062,25.856,31.959
2003,5,14,0,37.756,27.065,32.411
2003,5,15,0,37.104,26.78,31.942
2003,5,16,0,38.937,27.946,33.441
2003,5,17,0,39.942,27.104,33.523
2003,5,18,0.064196,40.259,28.008,34.134
2003,5,19,0,40.999,29.069,35.034
2003,5,20,0,41.796,29.43,35.613
2003,5,21,0,41.786,30.35,36.068
2003,5,22,0.73708,41.558,30.5,36.029
2003,5,23,0.61665,40.963,29.068,35.016
2003,5,24,0.74109,39.895,28.766,34.331
2003,5,25,0.038298,40.364,29.779,35.071
2003,5,26,0.17155,40.093,28.478,34.286
2003,5,27,0.032098,40.461,28.724,34.592
2003,5,28,0.11618,40.093,29.201,34.647
2003,5,29,0.23793,40.78,28.979,34.879
2003,5,30,0.030027,41.186,30.348,35.767
2003,5,31,0,41.473,29.796,35.634
2003,6,1,0.31083,41.812,30.385,36.098
2003,6,2,0.058777,41.091,30.328,35.71
2003,6,3,0.043246,41.174,30.914,36.044
2003,6,4,0.12243,41.566,31.157,36.362
2003,6,5,0.020586,42.496,31.748,37.122
2003,6,6,0.17369,40.678,30.058,35.368
2003,6,7,1.3746,40.391,30.481,35.436
2003,6,8,0,40.304,30.013,35.159
2003,6,9,0,39.691,29.45,34.571
2003,6,10,0,40.142,29.787,34.965
2003,6,11,1.8152,39.41,29.64,34.525
2003,6,12,9.1326,39.029,29.399,34.214
2003,6,13,4.0803,36.881,27.241,32.061
2003,6,14,2.1412,33.922,26.673,30.298
2003,6,15,1.4677,32.833,25.377,29.105
2003,6,16,4.4221,32.29,26.222,29.256
2003,6,17,3.5011,34.577,27.624,31.1
2003,6,18,3.2741,34.329,26.646,30.488
2003,6,19,9.5074,32.098,24.879,28.488
2003,6,20,0,30.562,25.09,27.826
2003,6,21,0.76418,32.615,25.909,29.262
2003,6,22,0.017541,32.731,26.369,29.55
2003,6,23,0.26366,32.847,26.246,29.546
2003,6,24,0.3943,30.832,24.809,27.821
2003,6,25,13.969,28.514,24.009,26.262
2003,6,26,5.1706,29.048,24.124,26.586
2003,6,27,0.91363,29.32,24.667,26.993
2003,6,28,2.1946,29.501,24.777,27.139
2003,6,29,18.789,30.381,23.928,27.154
2003,6,30,2.8949,30.31,24.083,27.197
2003,7,1,0.1533,28.65,23.345,25.998
2003,7,2,0.604,29.244,24.107,26.676
2003,7,3,1.1558,29.723,24.549,27.136
2003,7,4,15.451,29.396,23.737,26.566
2003,7,5,1.0327,29.344,23.768,26.556
2003,7,6,10.705,29.397,23.525,26.461
2003,7,7,4.2882,28.405,23.367,25.886
2003,7,8,0.47203,29.124,24.028,26.576
2003,7,9,0.74344,29.918,24.38,27.149
2003,7,10,38.118,29.466,23.551,26.508
2003,7,11,1.5698,27.463,23.45,25.457
2003,7,12,2.8866,29.024,24.136,26.58
2003,7,13,0.30795,30.099,24.341,27.22
2003,7,14,9.642,29.639,24.633,27.136
2003,7,15,20.81,28.904,23.611,26.258
2003,7,16,10.164,27.274,23.281,25.278
2003,7,17,1.9387,27.407,23.428,25.417
2003,7,18,63.82,27.89,23.396,25.643
2003,7,19,14.691,28.267,23.652,25.959
2003,7,20,3.9458,27.941,23.787,25.864
2003,7,21,27.544,29.468,24.252,26.86
2003,7,22,14.58,28.793,24.285,26.539
2003,7,23,14.946,28.218,24.156,26.187
2003,7,24,40.403,28.382,23.93,26.156
2003,7,25,44.316,26.472,22.861,24.666
2003,7,26,53.467,25.127,22.696,23.912
2003,7,27,52.514,25.444,22.647,24.045
2003,7,28,10.016,26.894,23.284,25.089
2003,7,29,0,29.218,23.835,26.527
2003,7,30,0.21144,29.535,24.571,27.053
2003,7,31,1.9747,28.815,23.93,26.372
2003,8,1,34.465,28.099,23.03,25.565
2003,8,2,28.251,25.657,22.242,23.95
2003,8,3,0.57837,25.129,22.283,23.706
2003,8,4,16.466,27.54,23.059,25.3
2003,8,5,65.534,27.946,23.804,25.875
2003,8,6,12.579,28.858,23.558,26.208
2003,8,7,6.8191,28.637,23.989,26.313
2003,8,8,2.5516,28.919,24.156,26.538
2003,8,9,16.327,29.719,23.92,26.82
2003,8,10,1.018,28.689,23.781,26.235
2003,8,11,20.272,28.375,23.878,26.127
2003,8,12,0.35478,28.53,23.765,26.148
2003,8,13,4.3372,28.572,23.576,26.074
2003,8,14,27.088,28.007,23.726,25.867
2003,8,15,1.7939,28.558,23.666,26.112
2003,8,16,0.22895,28.575,23.978,26.276
2003,8,17,1.1558,29.409,24.351,26.88
2003,8,18,4.47,29.313,24.294,26.803
2003,8,19,1.4138,27.878,23.654,25.766
2003,8,20,1.7346,28.296,23.361,25.829
2003,8,21,0.50654,29.188,23.819,26.503
2003,8,22,29.382,28.145,23.331,25.738
2003,8,23,34.364,28.444,23.058,25.751
2003,8,24,1.3302,27.963,22.756,25.36
2003,8,25,0.63342,28.266,23.242,25.754
2003,8,26,0.54485,28.347,23.818,26.082
2003,8,27,76.388,27.15,22.763,24.957
2003,8,28,76.522,25.604,22.235,23.92
2003,8,29,33.88,26.183,22.534,24.358
2003,8,30,9.3088,27.552,22.93,25.241
2003,8,31,0.77593,28.783,23.486,26.135
2003,9,1,14.77,28.088,23.434,25.761
2003,9,2,45.322,26.138,22.299,24.218
2003,9,3,11.894,26.297,22.517,24.407
2003,9,4,0,27.727,23.349,25.538
2003,9,5,21.29,27.473,23.297,25.385
2003,9,6,69.88,26.869,22.763,24.816
2003,9,7,16.252,26.417,22.555,24.486
2003,9,8,1.0909,27.189,22.672,24.931
2003,9,9,0.32124,27.769,23.249,25.509
2003,9,10,0.44934,27.788,23.403,25.596
2003,9,11,0,28.313,23.126,25.719
2003,9,12,8.3992,29.002,23.561,26.282
2003,9,13,20.474,28.905,23.231,26.068
2003,9,14,18.534,27.673,22.918,25.296
2003,9,15,2.4623,29.065,22.874,25.97
2003,9,16,0,29.479,23.25,26.365
2003,9,17,2.0268,29.486,23.486,26.486
2003,9,18,1.183,29.085,22.961,26.023
2003,9,19,11.241,29.467,23.274,26.371
2003,9,20,0.12395,30.296,23.433,26.865
2003,9,21,0.55125,30.762,23.736,27.249
2003,9,22,4.4551,30.708,23.992,27.35
2003,9,23,0.020018,30.917,23.142,27.029
2003,9,24,1.0235,30.522,23.012,26.767
2003,9,25,4.6438,29.419,22.969,26.194
2003,9,26,2.6767,29.911,22.934,26.423
2003,9,27,11.505,29.398,22.991,26.195
2003,9,28,5.2035,29.618,23.163,26.391
2003,9,29,0.50472,30.122,23.297,26.709
2003,9,30,0.53326,30.038,23.24,26.639
2003,10,1,12.211,30.636,23.619,27.128
2003,10,2,0.34858,30.893,23.184,27.039
2003,10,3,0,30.75,22.348,26.549
2003,10,4,0,29.436,22.079,25.758
2003,10,5,0,28.695,22.562,25.628
2003,10,6,29.837,27.567,22.297,24.932
2003,10,7,72.732,25.965,22.054,24.009
2003,10,8,54.748,26.58,22.641,24.61
2003,10,9,6.4246,26.516,22.392,24.454
2003,10,10,1.8798,28.075,22.012,25.043
2003,10,11,0.14643,30.698,21.863,26.281
2003,10,12,0,30.806,21.61,26.208
2003,10,13,0,31.162,21.641,26.402
2003,10,14,0,30.777,21.353,26.065
2003,10,15,0,30.226,19.566,24.896
2003,10,16,0.27357,29.455,19.808,24.632
2003,10,17,0.72188,28.921,21.08,25
2003,10,18,1.2925,28.687,21.987,25.337
2003,10,19,0,29.003,22.092,25.548
2003,10,20,0,30.091,22.894,26.492
2003,10,21,0,30.036,22.951,26.494
2003,10,22,0.18264,29.391,22.623,26.007
2003,10,23,6.6065,28.512,21.614,25.063
2003,10,24,17.85,25.411,20.996,23.204
2003,10,25,20.113,25.834,19.937,22.886
2003,10,26,0,26.696,20.213,23.455
2003,10,27,0,28.428,20.153,24.291
2003,10,28,0,28.521,21.393,24.957
2003,10,29,0,28.165,22.111,25.138
2003,10,30,0,28.948,21.606,25.277
2003,10,31,0,29.993,21.838,25.916
2003,11,1,0.028912,30.039,21.724,25.882
2003,11,2,0,30.184,22.117,26.151
2003,11,3,0,29.864,21.518,25.691
2003,11,4,0.082149,29.348,18.999,24.173
2003,11,5,0.12654,29.18,20.194,24.687
2003,11,6,0.10313,28.791,17.27,23.03
2003,11,7,0,29.361,17.789,23.575
2003,11,8,0,29.224,17.754,23.489
2003,11,9,0,29.121,17.88,23.5
2003,11,10,0,29.106,17.807,23.457
2003,11,11,0.0044157,29.08,17.334,23.207
2003,11,12,0,28.085,16.592,22.338
2003,11,13,0,27.491,16.081,21.786
2003,11,14,0,27.437,15.805,21.621
2003,11,15,0,27.282,15.987,21.635
2003,11,16,0,27.436,15.506,21.471
2003,11,17,0,27.377,15.083,21.23
2003,11,18,0,28.363,15.753,22.058
2003,11,19,0,28.681,16.036,22.359
2003,11,20,0,28.873,16.248,22.56
2003,11,21,0,28.988,16.741,22.864
2003,11,22,0,28.629,17.067,22.848
2003,11,23,0,28.116,16.655,22.386
2003,11,24,0,27.918,15.725,21.822
2003,11,25,0,27.521,14.919,21.22
2003,11,26,1.6498e-07,27.615,14.944,21.28
2003,11,27,0,27.503,15.57,21.536
2003,11,28,0,27.297,15.993,21.645
2003,11,29,0,27.78,16.412,22.096
2003,11,30,0,27.756,16.736,22.246
2003,12,1,0,27.175,16.095,21.635
2003,12,2,0,27.157,14.977,21.067
2003,12,3,0,26.834,13.48,20.157
2003,12,4,0,26.279,12.624,19.452
2003,12,5,0,26.38,12.264,19.322
2003,12,6,0,27.243,13.246,20.245
2003,12,7,0,27.486,12.898,20.192
2003,12,8,0,26.013,12.386,19.2
2003,12,9,0,26.822,12.666,19.744
2003,12,10,0,26.954,13.459,20.206
2003,12,11,0,27.407,14.218,20.812
2003,12,12,0,27.098,14.259,20.678
2003,12,13,0,26.765,14.26,20.512
2003,12,14,0,26.403,13.715,20.059
2003,12,15,0.0010852,24.716,15.305,20.011
2003,12,16,82.156,22.607,16.617,19.612
2003,12,17,47.716,22.222,15.505,18.863
2003,12,18,0,23.974,14.829,19.401
2003,12,19,0,25.212,13.745,19.478
2003,12,20,0,25.319,13.502,19.411
2003,12,21,0,25.126,13.447,19.287
2003,12,22,0,24.604,11.826,18.215
2003,12,23,0,24.488,12.023,18.255
2003,12,24,0,24.739,12.827,18.783
2003,12,25,0,25.214,14.021,19.617
2003,12,26,0,24.919,15.982,20.45
2003,12,27,0.001261,24.264,15.833,20.049
2003,12,28,0.0073414,22.757,16.026,19.392
2003,12,29,0,23.369,13.348,18.359
2003,12,30,0,22.746,11.455,17.101
2003,12,31,0,23.292,11.052,17.172
2004,1,1,0,23.837,10.852,17.345
2004,1,2,0.043406,24.756,11.852,18.304
2004,1,3,0,24.402,11.721,18.062
2004,1,4,0,24.694,12.008,18.351
2004,1,5,0,24.901,12.286,18.593
2004,1,6,0,24.191,12.716,18.454
2004,1,7,0,22.933,12.095,17.514
2004,1,8,0,24.334,11.799,18.067
2004,1,9,0,24.683,11.201,17.942
2004,1,10,0,24.026,10.52,17.273
2004,1,11,0,24.463,10.694,17.578
2004,1,12,0,25.023,10.13,17.577
2004,1,13,0,25.679,11.633,18.656
2004,1,14,0,26.231,12.489,19.36
2004,1,15,0,26.948,13.516,20.232
2004,1,16,0,27.863,13.433,20.648
2004,1,17,0,27.981,14.01,20.996
2004,1,18,0,28.688,14.869,21.778
2004,1,19,0,28.301,15.566,21.934
2004,1,20,0,28.195,15.944,22.07
2004,1,21,0,28.067,14.783,21.425
2004,1,22,0,27.389,14.637,21.013
2004,1,23,0.32303,26.628,16.217,21.423
2004,1,24,9.2785,24.819,16.713,20.766
2004,1,25,3.6031,24.54,15.536,20.038
2004,1,26,4.5411,24.243,16.423,20.333
2004,1,27,0.40081,24.149,15.809,19.979
2004,1,28,0,24.174,13.888,19.031
2004,1,29,0,25.609,15.991,20.8
2004,1,30,1.8636,23.477,16.712,20.094
2004,1,31,4.2361,25.635,17.957,21.796
2004,2,1,0.47704,25.922,17.589,21.755
2004,2,2,0.0416,25.174,16.899,21.037
2004,2,3,0.037233,24.453,15.294,19.874
2004,2,4,0.0020631,25.112,12.153,18.633
2004,2,5,0.016824,26.374,14.053,20.214
2004,2,6,0.069478,26.115,15.496,20.805
2004,2,7,0,24.669,12.73,18.7
2004,2,8,0,24.446,10.899,17.673
2004,2,9,0,24.979,10.557,17.768
2004,2,10,0,26.716,11.305,19.01
2004,2,11,0,27.725,12.803,20.264
2004,2,12,0,28.208,14.582,21.395
2004,2,13,0,28.387,15.073,21.73
2004,2,14,0,28.099,14.212,21.156
2004,2,15,0,28.774,14.49,21.632
2004,2,16,0,29.194,15.582,22.388
2004,2,17,0,28.745,14.341,21.543
2004,2,18,0,28.917,14.203,21.56
2004,2,19,0,30.089,15.823,22.956
2004,2,20,0,30.332,16.424,23.378
2004,2,21,0,30.441,16.163,23.302
2004,2,22,0,30.509,16.208,23.359
2004,2,23,0,30.83,15.148,22.989
2004,2,24,0,31.888,16.781,24.334
2004,2,25,0.079363,31.293,17.192,24.243
2004,2,26,0.079363,31.758,16.334,24.046
2004,2,27,0,32.392,16.729,24.561
2004,2,28,0,33.103,17.861,25.482
2004,2,29,0,32.612,19.07,25.841
2004,3,1,0.0032836,32.822,18.853,25.838
2004,3,2,0,32.761,18.376,25.569
2004,3,3,0,33.015,16.639,24.827
2004,3,4,0,33.014,16.433,24.724
2004,3,5,0,33.586,16.892,25.239
2004,3,6,0,34.743,18.744,26.743
2004,3,7,0,33.63,19.581,26.605
2004,3,8,0,32.441,18.966,25.704
2004,3,9,0,31.886,17.936,24.911
2004,3,10,0,31.287,18.158,24.722
2004,3,11,0,31.943,18.659,25.301
2004,3,12,0,33.209,19.772,26.49
2004,3,13,0,33.745,19.208,26.477
2004,3,14,0,34.974,18.386,26.68
2004,3,15,0,36.011,18.957,27.484
2004,3,16,0,36.472,19.49,27.981
2004,3,17,0,36.751,19.082,27.917
2004,3,18,0,36.518,20.016,28.267
2004,3,19,0,36.846,20.073,28.459
2004,3,20,0,36.644,20.158,28.401
2004,3,21,0,37.055,21.418,29.236
2004,3,22,0,37.018,21.431,29.224
2004,3,23,0,37.091,22.216,29.654
2004,3,24,0,36.97,22.392,29.681
2004,3,25,0,36.834,22.648,29.741
2004,3,26,0,36.574,23.148,29.861
2004,3,27,0,36.136,23.055,29.596
2004,3,28,0,35.965,22.841,29.403
2004,3,29,0,36.214,23.629,29.921
2004,3,30,1.8132,34.122,23.889,29.005
2004,3,31,2.0798,34.603,22.529,28.566
2004,4,1,0,34.503,23.007,28.755
2004,4,2,0.26185,35.2,23.708,29.454
2004,4,3,0,35.55,23.835,29.693
2004,4,4,0.37274,36.341,23.634,29.987
2004,4,5,0,36.633,24.203,30.418
2004,4,6,0,35.371,23.811,29.591
2004,4,7,0.10705,35.565,24.002,29.784
2004,4,8,0.0017512,36.611,23.673,30.142
2004,4,9,0,36.734,23.533,30.133
2004,4,10,0.0004889,36.199,24.392,30.296
2004,4,11,0.025232,37.776,25.494,31.635
2004,4,12,0.23638,38.094,25.409,31.751
2004,4,13,0,38.49,25.578,32.034
2004,4,14,0,39.063,26.25,32.656
2004,4,15,0,38.739,26.489,32.614
2004,4,16,1.132,38.689,25.963,32.326
2004,4,17,0,39.156,25.303,32.229
2004,4,18,0,39.279,25.538,32.408
2004,4,19,0.87913,38.704,25.41,32.057
2004,4,20,0.006566,38.255,25.646,31.951
2004,4,21,1.1299,37.854,25.329,31.591
2004,4,22,0.713,36.824,26.383,31.604
2004,4,23,0.45633,37.019,24.605,30.812
2004,4,24,1.4393,35.008,23.366,29.187
2004,4,25,0.43822,33.565,21.162,27.363
2004,4,26,0.37895,33.615,22.759,28.187
2004,4,27,0.37802,34.584,23.147,28.865
2004,4,28,0.0032831,36.017,24.506,30.261
2004,4,29,0,36.954,25.249,31.102
2004,4,30,0.32449,35.311,23.158,29.234
2004,5,1,0.27505,35.831,24.446,30.138
2004,5,2,0,36.808,25.167,30.987
2004,5,3,0,36.573,25.403,30.988
2004,5,4,0.00047009,36.55,25.446,30.998
2004,5,5,0.093767,35.808,25.324,30.566
2004,5,6,0.23543,34.908,25.943,30.425
2004,5,7,0,36.087,26.869,31.478
2004,5,8,0,37.082,26.41,31.746
2004,5,9,0,36.546,25.941,31.243
2004,5,10,0.28067,38.166,27.304,32.735
2004,5,11,0.017389,38.235,27.817,33.026
2004,5,12,0,38.31,27.857,33.084
2004,5,13,0.27958,37.095,26.4,31.747
2004,5,14,0,37.951,26.381,32.166
2004,5,15,2.2783,37.644,26.984,32.314
2004,5,16,0.17974,36.162,26.784,31.473
2004,5,17,3.2251,33.965,25.466,29.715
2004,5,18,8.6881e-05,35.515,27.354,31.434
2004,5,19,0,38.146,28.449,33.297
2004,5,20,0,39.351,28.459,33.905
2004,5,21,0,39.825,28.193,34.009
2004,5,22,0.00011193,39.53,27.686,33.608
2004,5,23,0,39.55,26.786,33.168
2004,5,24,0,39.09,27.572,33.331
2004,5,25,0.86183,39.063,28.092,33.577
2004,5,26,0.074974,37.879,25.654,31.766
2004,5,27,1.3829,36.744,26.799,31.771
2004,5,28,0.83861,37.671,26.764,32.218
2004,5,29,0.015889,36.997,25.758,31.378
2004,5,30,0.27133,37.314,26.745,32.029
2004,5,31,0.11252,37.92,27.004,32.462
2004,6,1,0.09234,38.006,28.24,33.123
2004,6,2,0.93583,37.039,27.337,32.188
2004,6,3,0.41738,37.821,27.914,32.868
2004,6,4,5.5838,36.628,26.282,31.455
2004,6,5,0.17605,35.556,26.095,30.826
2004,6,6,0.3548,36.771,27.261,32.016
2004,6,7,0.3888,35.667,25.192,30.43
2004,6,8,0.61447,33.928,25.417,29.673
2004,6,9,0.32599,35.024,25.344,30.184
2004,6,10,1.2614,33.805,24.755,29.28
2004,6,11,2.9479,34.048,24.98,29.514
2004,6,12,10.764,32.617,25.026,28.822
2004,6,13,82.124,28.176,24.019,26.097
2004,6,14,118.39,28.029,23.651,25.84
2004,6,15,22.161,28.343,24.139,26.241
2004,6,16,0,29.328,24.667,26.997
2004,6,17,0.047793,30.491,24.916,27.704
2004,6,18,0.045938,29.763,24.615,27.189
2004,6,19,0.050198,28.872,23.702,26.287
2004,6,20,0,30.24,24.776,27.508
2004,6,21,0,31.893,26,28.946
2004,6,22,0,31.84,26.115,28.977
2004,6,23,0.057515,32.945,26.387,29.666
2004,6,24,0.50669,32.717,26.135,29.426
2004,6,25,0.037553,32.363,25.852,29.107
2004,6,26,0.12662,33.157,25.053,29.105
2004,6,27,0.32143,32.261,25.764,29.013
2004,6,28,0.19628,32.216,25.497,28.857
2004,6,29,1.5394,32.12,24.654,28.387
2004,6,30,0.50853,31.346,24.21,27.778
2004,7,1,4.6788,30.505,24.661,27.583
2004,7,2,27.484,31.387,24.152,27.77
2004,7,3,10.352,30.092,23.911,27.002
2004,7,4,10.954,30.192,24.011,27.101
2004,7,5,5.8637,29.858,24.4,27.129
2004,7,6,3.6612,30.076,24.806,27.441
2004,7,7,13.634,29.89,24.365,27.128
2004,7,8,3.0075,30.033,23.865,26.949
2004,7,9,0.54472,29.578,23.917,26.747
2004,7,10,0.26461,30.107,23.933,27.02
2004,7,11,1.4731,29.751,23.993,26.872
2004,7,12,2.7953,29.925,23.321,26.623
2004,7,13,3.6868,29.481,23.455,26.468
2004,7,14,25.381,28.689,22.9,25.795
2004,7,15,26.816,27.344,22.866,25.105
2004,7,16,15.141,26.572,22.883,24.727
2004,7,17,0.94593,28.238,23.452,25.845
2004,7,18,2.4974,28.944,23.858,26.401
2004,7,19,0.58894,30.031,24.506,27.268
2004,7,20,0.031936,30.147,25.475,27.811
2004,7,21,1.5013,30.714,24.695,27.704
2004,7,22,21.727,29.959,23.448,26.704
2004,7,23,0.3082,27.654,22.614,25.134
2004,7,24,33.159,28.018,22.979,25.498
2004,7,25,0.29152,28.556,23.563,26.059
2004,7,26,5.8219,27.635,23.53,25.583
2004,7,27,10.021,27.642,23.09,25.366
2004,7,28,41.435,26.662,22.691,24.677
2004,7,29,28.718,26.622,22.68,24.651
2004,7,30,2.3065,26.876,22.948,24.912
2004,7,31,0.027284,26.521,23.088,24.805
2004,8,1,0.88189,27.113,23.008,25.06
2004,8,2,7.0566,27.59,23.564,25.577
2004,8,3,10.475,26.73,22.79,24.76
2004,8,4,34.736,27.418,23.012,25.215
2004,8,5,20.504,27.556,23.472,25.514
2004,8,6,2.0342,26.651,23.302,24.976
2004,8,7,14.29,26.912,23.508,25.21
2004,8,8,27.602,26.627,22.945,24.786
2004,8,9,21.011,26.591,22.584,24.587
2004,8,10,28.831,25.932,22.117,24.024
2004,8,11,33.551,25.259,21.704,23.481
2004,8,12,4.0483,25.591,22.564,24.078
2004,8,13,2.1279,25.919,22.681,24.3
2004,8,14,3.4509,26.636,22.996,24.816
2004,8,15,0.029101,27.275,23.141,25.208
2004,8,16,0.018611,27.997,23.587,25.792
2004,8,17,0.01088,28.142,23.494,25.818
2004,8,18,1.2161,28.905,24.155,26.53
2004,8,19,4.8142,28.704,24.078,26.391
2004,8,20,24.817,27.942,23.479,25.711
2004,8,21,80.306,26.341,22.688,24.514
2004,8,22,40.87,25.887,22.553,24.22
2004,8,23,3.0054,27.664,23.122,25.393
2004,8,24,0.2738,29.64,22.859,26.249
2004,8,25,0.86473,29.724,23.744,26.734
2004,8,26,3.951,29.808,23.892,26.85
2004,8,27,0,29.396,23.904,26.65
2004,8,28,0,29.876,23.708,26.792
2004,8,29,0,29.785,23.54,26.663
2004,8,30,0.17259,30.274,23.555,26.915
2004,8,31,0.072649,30.556,23.389,26.973
2004,9,1,0,30.868,23.596,27.232
2004,9,2,0.31551,31.212,23.426,27.319
2004,9,3,7.1572,31.14,23.982,27.561
2004,9,4,10.019,30.36,22.84,26.6
2004,9,5,16.993,29.058,22.957,26.008
2004,9,6,17.972,28.911,22.959,25.935
2004,9,7,5.2421,29.64,23.202,26.421
2004,9,8,0.18663,30.251,23.899,27.075
2004,9,9,0.060392,30.822,24.157,27.49
2004,9,10,0.47282,30.666,22.959,26.813
2004,9,11,15.822,27.977,22.353,25.165
2004,9,12,0.65718,29.414,22.765,26.09
2004,9,13,0.15448,30.067,23.464,26.766
2004,9,14,16.097,30.8,24.138,27.469
2004,9,15,5.1381,30.348,22.814,26.581
2004,9,16,2.8754,30.438,23.036,26.737
2004,9,17,0.81606,30.756,22.896,26.826
2004,9,18,0.39757,30.746,23.429,27.087
2004,9,19,0.094938,30.566,23.27,26.918
2004,9,20,0,30.489,23.673,27.081
2004,9,21,0,29.22,22.701,25.96
2004,9,22,0,30.03,22.676,26.353
2004,9,23,0,30.519,23.256,26.887
2004,9,24,0.073115,30.262,22.769,26.516
2004,9,25,0.067425,30.736,22.429,26.582
2004,9,26,1.3251,30.015,22.643,26.329
2004,9,27,2.9027,31.144,23.052,27.098
2004,9,28,8.2426,30.932,22.646,26.789
2004,9,29,1.1116,31.136,23.262,27.199
2004,9,30,1.5551,31.293,23.142,27.217
2004,10,1,0.16827,31.587,23.156,27.371
2004,10,2,0,31.548,22.762,27.155
2004,10,3,0.95237,29.97,22.338,26.154
2004,10,4,3.3665,27.786,22.363,25.075
2004,10,5,66.421,27.336,22.114,24.725
2004,10,6,42.922,28.632,22.229,25.43
2004,10,7,3.9876,29.922,22.662,26.292
2004,10,8,0.22016,30.548,22.749,26.649
2004,10,9,0.11592,31.09,21.612,26.351
2004,10,10,0.91786,31.154,21.401,26.278
2004,10,11,0.51172,31.185,22.333,26.759
2004,10,12,22.375,31.073,22.027,26.55
2004,10,13,16.599,29.953,21.841,25.897
2004,10,14,0,30.033,21.711,25.872
2004,10,15,0.028353,29.181,20.776,24.979
2004,10,16,0,28.528,18.865,23.697
2004,10,17,0.22379,28.48,18.551,23.516
2004,10,18,0,28.329,17.819,23.074
2004,10,19,0,28.575,17.918,23.246
2004,10,20,0,28.268,17.025,22.646
2004,10,21,0,28.008,18.382,23.195
2004,10,22,0,29.061,19.257,24.159
2004,10,23,0,29.42,18.954,24.187
2004,10,24,0,29.355,19.513,24.434
2004,10,25,1.8352,29.017,19.037,24.027
2004,10,26,0,28.735,18.889,23.812
2004,10,27,0,29.141,18.297,23.719
2004,10,28,0,28.855,17.834,23.344
2004,10,29,0,28.885,17.901,23.393
2004,10,30,0,28.172,18.597,23.385
2004,10,31,0,27.645,19.175,23.41
2004,11,1,0.00015628,28.741,18.627,23.684
2004,11,2,0,27.813,16.958,22.386
2004,11,3,0,27.564,15.234,21.399
2004,11,4,0,27.183,14.016,20.6
2004,11,5,0,27.246,14.316,20.781
2004,11,6,0,27.252,14.92,21.086
2004,11,7,0,27.763,16.852,22.307
2004,11,8,0,28.304,18.239,23.271
2004,11,9,0.0029862,29.441,19.75,24.596
2004,11,10,10.301,28.869,20.075,24.472
2004,11,11,1.1542,29.26,19.674,24.467
2004,11,12,0,29.053,19.56,24.307
2004,11,13,0.0030231,29.424,20.259,24.841
2004,11,14,0,29.982,19.91,24.946
2004,11,15,0.05545,30.005,19.798,24.902
2004,11,16,0.0029862,29.459,18.263,23.861
2004,11,17,0,28.808,15.79,22.299
2004,11,18,0,28.93,14.67,21.8
2004,11,19,0,28.872,14.996,21.934
2004,11,20,0,28.944,14.39,21.667
2004,11,21,0,28.333,14.035,21.184
2004,11,22,0,27.777,13.592,20.685
2004,11,23,0,27.697,13.648,20.672
2004,11,24,0,28.329,14.002,21.165
2004,11,25,0,28.061,14.316,21.188
2004,11,26,0,27.834,14.456,21.145
2004,11,27,0,27.514,14.242,20.878
2004,11,28,0,27.183,13.661,20.422
2004,11,29,0,26.593,13.137,19.865
2004,11,30,0,26.129,12.555,19.342
2004,12,1,0,26.406,12.694,19.55
2004,12,2,0,26.385,13.052,19.718
2004,12,3,0,26.21,12.842,19.526
2004,12,4,0,25.782,12.37,19.076
2004,12,5,0,25.576,11.703,18.64
2004,12,6,0,26.212,12.253,19.233
2004,12,7,0,26.644,12.376,19.51
2004,12,8,0,26.782,12.705,19.744
2004,12,9,0,26.391,12.853,19.622
2004,12,10,0,26.462,12.995,19.728
2004,12,11,0,26.173,13.102,19.637
2004,12,12,0,26.15,13.15,19.65
2004,12,13,0,26.031,13.599,19.815
2004,12,14,0,26.348,13.248,19.798
2004,12,15,0,26.121,13.339,19.73
2004,12,16,0,26.617,12.679,19.648
2004,12,17,0,26.543,12.134,19.338
2004,12,18,0,26.865,11.774,19.32
2004,12,19,0.00093832,26.472,11.331,18.902
2004,12,20,0.028061,26.702,12.2,19.451
2004,12,21,0.043787,27.005,13.165,20.085
2004,12,22,0,27.283,14.076,20.679
2004,12,23,0,27.693,14.869,21.281
2004,12,24,0.052827,27.989,15.558,21.773
2004,12,25,0.052827,27.596,15.135,21.366
2004,12,26,0,26.504,14.667,20.585
2004,12,27,0,26.165,13.766,19.965
2004,12,28,0,25.86,13.558,19.709
2004,12,29,0,26.012,11.897,18.955
2004,12,30,0,26.553,12.257,19.405
2004,12,31,0,26.507,12.081,19.294
2005,1,1,0,27.031,13.298,20.164
2005,1,2,0,27.611,15.022,21.316
2005,1,3,0,25.906,15.296,20.601
2005,1,4,0,27.254,15.756,21.505
2005,1,5,0,27.698,13.741,20.719
2005,1,6,0.58667,27.669,14.622,21.145
2005,1,7,0.45348,27.883,14.709,21.296
2005,1,8,0,27.862,15.171,21.517
2005,1,9,0,26.791,14.091,20.441
2005,1,10,0,27.093,12.926,20.01
2005,1,11,0,27.221,15.19,21.206
2005,1,12,0,25.966,13.7,19.833
2005,1,13,0,25.988,12.43,19.209
2005,1,14,0,25.848,11.4,18.624
2005,1,15,0,26.444,11.837,19.141
2005,1,16,0,27.69,12.45,20.07
2005,1,17,0,28.113,14.06,21.087
2005,1,18,0,26.131,14.599,20.365
2005,1,19,0,25.551,13.195,19.373
2005,1,20,0,24.547,11.966,18.257
2005,1,21,0,25.052,11.372,18.212
2005,1,22,0,26.479,14.591,20.535
2005,1,23,0.0081563,27.024,16.856,21.94
2005,1,24,0,26.92,15.209,21.065
2005,1,25,0,26.664,14.459,20.562
2005,1,26,0,27.619,15.752,21.685
2005,1,27,24.69,27.346,16.934,22.14
2005,1,28,1.902,25.518,17.654,21.586
2005,1,29,33.385,24.713,16.249,20.481
2005,1,30,69.857,23.494,16.465,19.979
2005,1,31,5.6454,24.253,16.386,20.319
2005,2,1,12.664,22.445,15.524,18.985
2005,2,2,0.80558,23.532,13.554,18.543
2005,2,3,0,24.088,12.145,18.116
2005,2,4,0,25.043,12.488,18.766
2005,2,5,0,26.756,14.451,20.603
2005,2,6,0,28.178,15.308,21.743
2005,2,7,0.10658,29.08,17.327,23.204
2005,2,8,0,28.97,16.906,22.938
2005,2,9,0,29.559,16.606,23.082
2005,2,10,0,30.644,16.531,23.588
2005,2,11,0,31.072,16.729,23.901
2005,2,12,0.021649,31.547,17.195,24.371
2005,2,13,0,32.178,16.991,24.585
2005,2,14,0.0096494,31.872,17.097,24.485
2005,2,15,0.041391,31.85,16.348,24.099
2005,2,16,0,32.826,17.92,25.373
2005,2,17,0,32.254,17.954,25.104
2005,2,18,0,31.357,18.084,24.72
2005,2,19,0,31.564,18.409,24.987
2005,2,20,0,31.471,18.151,24.811
2005,2,21,0,31.756,17.555,24.655
2005,2,22,0,30.864,16.792,23.828
2005,2,23,0,30.334,17.288,23.811
2005,2,24,0,30.619,18.1,24.359
2005,2,25,0.0027166,31.227,17.699,24.463
2005,2,26,0,31.711,17.322,24.517
2005,2,27,0,32.403,17.739,25.071
2005,2,28,0,33.001,18.066,25.534
2005,3,1,0,33.297,19.079,26.188
2005,3,2,0,32.371,19.04,25.706
2005,3,3,0,33.711,19.625,26.668
2005,3,4,0,34.132,19.669,26.9
2005,3,5,0,33.727,19.682,26.704
2005,3,6,0,34.228,19.711,26.97
2005,3,7,0.038032,33.816,19.336,26.576
2005,3,8,0.11193,32.79,20.292,26.541
2005,3,9,0.024893,31.521,20.029,25.775
2005,3,10,0.15278,31.797,20.299,26.048
2005,3,11,0,30.977,19.779,25.378
2005,3,12,0.17303,30.979,19.597,25.288
2005,3,13,0,31.161,18.287,24.724
2005,3,14,0,31.098,18.309,24.704
2005,3,15,0,32.485,18.648,25.566
2005,3,16,0,34.167,19.789,26.978
2005,3,17,0,34.081,21.028,27.554
2005,3,18,0,34.899,21.713,28.306
2005,3,19,0,35.539,21.772,28.656
2005,3,20,0,35.923,21.608,28.765
2005,3,21,0,36.117,22.069,29.093
2005,3,22,0,36.178,23.685,29.932
2005,3,23,0,35.418,22.934,29.176
2005,3,24,0,33.993,22.22,28.107
2005,3,25,0,33.341,20.881,27.111
2005,3,26,0,34.274,20.114,27.194
2005,3,27,0,35.337,20.18,27.758
2005,3,28,0.053227,36.283,22.253,29.268
2005,3,29,0.15134,36.23,22.971,29.601
2005,3,30,0,36.398,23.633,30.016
2005,3,31,0,36.267,23.223,29.745
2005,4,1,0,36.002,23.223,29.612
2005,4,2,0.0099539,35.776,22.676,29.226
2005,4,3,0,35.962,22.406,29.184
2005,4,4,0,35.854,21.172,28.513
2005,4,5,0,36.386,21.858,29.122
2005,4,6,0.39592,36.025,22.924,29.475
2005,4,7,0.047106,36.011,23.048,29.529
2005,4,8,0.012317,35.861,24.269,30.065
2005,4,9,0,36.83,24.902,30.866
2005,4,10,12.458,36.685,24.711,30.698
2005,4,11,0,36.515,24.701,30.608
2005,4,12,0,36.36,22.59,29.475
2005,4,13,1.2405e-06,36.725,22.715,29.72
2005,4,14,0.087744,37.451,23.909,30.68
2005,4,15,0,36.652,24.693,30.673
2005,4,16,9.8973,37.583,25.083,31.333
2005,4,17,0.12905,37.438,24.382,30.91
2005,4,18,1.0623,37.444,24.3,30.872
2005,4,19,0.00021729,36.896,24.921,30.909
2005,4,20,0,36.91,22.24,29.575
2005,4,21,0.39826,35.965,23.659,29.812
2005,4,22,0,37.681,25.103,31.392
2005,4,23,0,37.759,25.38,31.569
2005,4,24,0,37.24,25.907,31.573
2005,4,25,0,35.466,25.279,30.372
2005,4,26,0,35.213,22.676,28.945
2005,4,27,0,36.138,23.651,29.895
2005,4,28,0.0014049,37.651,25.271,31.461
2005,4,29,0.069127,37.488,24.405,30.947
2005,4,30,1.3396,36.742,23.574,30.158
2005,5,1,13.501,34.828,22.677,28.752
2005,5,2,2.712,33.961,21.766,27.864
2005,5,3,0,34.746,22.446,28.596
2005,5,4,0,33.69,22.714,28.202
2005,5,5,0,35.003,24.28,29.642
2005,5,6,0,35.4,24.066,29.733
2005,5,7,0,36.41,25.134,30.772
2005,5,8,0,38.064,25.807,31.936
2005,5,9,0,38.763,27.145,32.954
2005,5,10,0,39.252,26.622,32.937
2005,5,11,0,38.818,25.247,32.033
2005,5,12,0,39.151,25.752,32.451
2005,5,13,0,39.277,24.87,32.073
2005,5,14,0.13083,39.443,25.606,32.524
2005,5,15,0.12953,39.644,25.85,32.747
2005,5,16,0.35453,40.205,26.595,33.4
2005,5,17,0.048261,40.004,26.812,33.408
2005,5,18,0.25328,40.477,28.332,34.405
2005,5,19,0,40.506,28.122,34.314
2005,5,20,0,40.014,27.706,33.86
2005,5,21,0,40.376,28.505,34.44
2005,5,22,0,40.113,28.266,34.189
2005,5,23,0,40.802,28.961,34.882
2005,5,24,0,41.137,28.981,35.059
2005,5,25,0,40.97,29.145,35.058
2005,5,26,0.58478,40.32,27.93,34.125
2005,5,27,12.94,38.727,27.783,33.255
2005,5,28,4.5454,38.948,26.392,32.67
2005,5,29,0,38.605,27.06,32.833
2005,5,30,0,38.407,27.201,32.804
2005,5,31,0.17087,37.189,27.173,32.181
2005,6,1,0,38.861,28.339,33.6
2005,6,2,1.9373,38.703,26.454,32.578
2005,6,3,0,39.39,28.277,33.834
2005,6,4,0.89663,39.214,27.939,33.576
2005,6,5,0.56336,39.579,28.05,33.814
2005,6,6,0.33649,37.93,27.509,32.72
2005,6,7,0.90795,38.437,27.444,32.94
2005,6,8,0.71959,38.588,28.314,33.451
2005,6,9,0.35226,38.268,27.488,32.878
2005,6,10,3.0121,38.104,28.159,33.132
2005,6,11,0.24752,39.098,28.348,33.723
2005,6,12,0.30855,40.052,29.191,34.622
2005,6,13,0.085836,40.272,30.131,35.201
2005,6,14,0.045623,40.247,30.872,35.56
2005,6,15,0.033424,39.739,30.296,35.018
2005,6,16,0.53431,37.94,28.73,33.335
2005,6,17,0.11237,37.753,29.413,33.583
2005,6,18,19.996,37.981,28.704,33.343
2005,6,19,0.33157,37.357,28.861,33.109
2005,6,20,1.1847,36.921,27.6,32.261
2005,6,21,1.1673,36.701,27.114,31.908
2005,6,22,25.602,34.456,25.789,30.123
2005,6,23,40.72,33.441,26.034,29.738
2005,6,24,34.717,32.914,25.667,29.291
2005,6,25,1.6576,31.492,25.557,28.525
2005,6,26,21.33,27.935,23.179,25.557
2005,6,27,35.924,26.334,22.932,24.633
2005,6,28,25.788,26.764,22.662,24.713
2005,6,29,1.7733,27.254,22.994,25.124
2005,6,30,0.5486,28.062,23.206,25.634
2005,7,1,1.156,28.356,23.649,26.003
2005,7,2,3.1036,28.664,24.258,26.461
2005,7,3,0.1813,29.163,24.656,26.909
2005,7,4,5.9991,28.751,23.46,26.105
2005,7,5,16.191,28.003,23.84,25.922
2005,7,6,7.6925,28.212,23.527,25.869
2005,7,7,0,28.428,23.519,25.974
2005,7,8,26.797,28.12,23.091,25.606
2005,7,9,0.027743,28.115,23.573,25.844
2005,7,10,5.2249,28.611,23.699,26.155
2005,7,11,0,28.74,23.689,26.215
2005,7,12,0.22292,27.763,23.805,25.784
2005,7,13,0.77417,28.445,24.04,26.242
2005,7,14,1.3721,29.392,24.33,26.861
2005,7,15,2.127,29.09,23.927,26.509
2005,7,16,1.0279,28.746,23.318,26.032
2005,7,17,0.53073,29.202,23.826,26.514
2005,7,18,2.611,30.764,24.461,27.613
2005,7,19,12.181,30.8,25.21,28.005
2005,7,20,2.9325,30.356,24.766,27.561
2005,7,21,8.5252,29.899,24.636,27.268
2005,7,22,11.658,29.181,24.206,26.694
2005,7,23,28.692,28.659,23.626,26.143
2005,7,24,7.9315,27.099,22.992,25.046
2005,7,25,66.072,26.003,22.503,24.253
2005,7,26,33.923,26.515,23.25,24.883
2005,7,27,1.2566,27.067,23.442,25.255
2005,7,28,1.4344,27.958,23.454,25.706
2005,7,29,1.3619,27.036,22.605,24.821
2005,7,30,1.3875,26.531,23.334,24.933
2005,7,31,12.896,26.654,23.03,24.842
2005,8,1,12.7,26.831,22.807,24.819
2005,8,2,22.651,26.685,22.987,24.836
2005,8,3,9.2924,26.178,23.2,24.689
2005,8,4,36.471,25.575,22.483,24.029
2005,8,5,28.531,24.685,22.32,23.502
2005,8,6,0.081424,24.94,22.158,23.549
2005,8,7,12.887,25.421,22.605,24.013
2005,8,8,4.1615,26.629,22.743,24.686
2005,8,9,5.0835,27.576,22.845,25.21
2005,8,10,3.6998e-05,29.295,23.599,26.447
2005,8,11,0.76851,29.681,23.775,26.728
2005,8,12,1.9211,29.279,23.495,26.387
2005,8,13,1.947,28.983,23.742,26.362
2005,8,14,0.40341,29.322,24.358,26.84
2005,8,15,2.2263,28.269,23.483,25.876
2005,8,16,38.103,27.612,22.704,25.158
2005,8,17,9.1247,26.563,22.898,24.731
2005,8,18,0,28.414,23.91,26.162
2005,8,19,27.31,27.401,23.216,25.308
2005,8,20,10.054,25.317,21.833,23.575
2005,8,21,3.0409,26.192,22.616,24.404
2005,8,22,3.3728,27.51,23.073,25.292
2005,8,23,5.3158,27.739,22.529,25.134
2005,8,24,6.0041,28.581,22.513,25.547
2005,8,25,0,28.933,22.716,25.824
2005,8,26,0,29.495,23.379,26.437
2005,8,27,1.3131,29.972,23.732,26.852
2005,8,28,1.0698,29.696,23.816,26.756
2005,8,29,1.8676,30.254,23.922,27.088
2005,8,30,0.76565,30.74,23.539,27.14
2005,8,31,0.39156,32.12,23.704,27.912
2005,9,1,0.10667,31.834,23.992,27.913
2005,9,2,0.13787,31.889,24.666,28.278
2005,9,3,0.96583,30.917,23.759,27.338
2005,9,4,0.57615,30.298,23.436,26.867
2005,9,5,0.054743,29.743,23.832,26.787
2005,9,6,0.55822,30.468,24.504,27.486
2005,9,7,1.0376,30.53,23.987,27.258
2005,9,8,0.51274,30.025,23.979,27.002
2005,9,9,0.56726,28.186,23.25,25.718
2005,9,10,1.1386,28.474,23.149,25.812
2005,9,11,0.85574,28.36,23.065,25.712
2005,9,12,59.892,27.349,22.51,24.93
2005,9,13,139.56,25.997,22.304,24.15
2005,9,14,49.9,25.786,22.392,24.089
2005,9,15,0.0072776,27.015,22.57,24.793
2005,9,16,0,27.499,22.835,25.167
2005,9,17,0,29.18,23.153,26.166
2005,9,18,0,28.929,23.046,25.987
2005,9,19,86.754,27.26,22.147,24.704
2005,9,20,7.112,26.015,22.137,24.076
2005,9,21,0.00063398,26.872,22.238,24.555
2005,9,22,0.0027345,26.556,22.715,24.635
2005,9,23,0.056596,28.36,22.675,25.518
2005,9,24,0.39975,28.882,22.68,25.781
2005,9,25,0.12053,28.818,22.806,25.812
2005,9,26,0,29.714,22.111,25.913
2005,9,27,0,29.803,22.195,25.999
2005,9,28,0,30.32,22.521,26.42
2005,9,29,0.03962,29.687,22.105,25.896
2005,9,30,0,30.437,22.527,26.482
2005,10,1,0.21158,30.198,23.209,26.704
2005,10,2,0.03476,29.024,22.468,25.746
2005,10,3,0,30.64,22.721,26.681
2005,10,4,0,30.86,23.05,26.955
2005,10,5,0,30.691,22.862,26.777
2005,10,6,0,30.956,22.087,26.522
2005,10,7,0,30.72,22.107,26.414
2005,10,8,0,31.308,21.637,26.472
2005,10,9,0,31.022,21.738,26.38
2005,10,10,0,31.226,22.244,26.735
2005,10,11,0,30.592,22.442,26.517
2005,10,12,0,29.961,22.127,26.044
2005,10,13,7.0625,30.309,22.2,26.255
2005,10,14,14.749,29.434,22.614,26.024
2005,10,15,5.9888,27.29,22.152,24.721
2005,10,16,1.2322,27.488,22.065,24.776
2005,10,17,0.35482,28.468,22.27,25.369
2005,10,18,10.594,27.142,21.889,24.516
2005,10,19,0,28.123,21.98,25.052
2005,10,20,0.13363,28.104,21.707,24.906
2005,10,21,2.4649,28.409,21.767,25.088
2005,10,22,0.0065992,27.966,20.849,24.408
2005,10,23,22.62,27.574,20.953,24.263
2005,10,24,3.6936,27.645,21.691,24.668
2005,10,25,19.061,28.821,21.943,25.382
2005,10,26,0.63527,29.006,21.279,25.143
2005,10,27,0,28.055,20.945,24.5
2005,10,28,0,27.075,21.133,24.104
2005,10,29,0,27.91,21.336,24.623
2005,10,30,0,27.031,20.939,23.985
2005,10,31,2.7965,27.235,20.496,23.866
2005,11,1,5.125,28.34,20.532,24.436
2005,11,2,0.12275,28.022,19.733,23.877
2005,11,3,0,28.256,19.431,23.843
2005,11,4,2.1232,28.365,19.646,24.006
2005,11,5,0,28.435,19.524,23.98
2005,11,6,0,28.517,18.497,23.507
2005,11,7,0,27.302,16.727,22.014
2005,11,8,0,26.637,15.952,21.294
2005,11,9,0,26.717,16.04,21.378
2005,11,10,0,26.799,15.905,21.352
2005,11,11,0.23903,26.744,15.435,21.09
2005,11,12,0,26.647,15.177,20.912
2005,11,13,0,27.007,15.014,21.011
2005,11,14,0,27.356,14.869,21.112
2005,11,15,0,27.465,15.015,21.24
2005,11,16,0,27.719,14.879,21.299
2005,11,17,0,27.573,14.946,21.26
2005,11,18,0,27.426,14.332,20.879
2005,11,19,0,27.356,14.761,21.058
2005,11,20,0,27.374,14.229,20.801
2005,11,21,0,26.886,14.974,20.93
2005,11,22,0,26.836,15.093,20.965
2005,11,23,0.12414,27.153,14.523,20.838
2005,11,24,0,27.485,14.123,20.804
2005,11,25,0,27.26,14.5,20.88
2005,11,26,0,26.922,15.349,21.136
2005,11,27,0,26.599,15.006,20.802
2005,11,28,0,26.6,14.487,20.543
2005,11,29,0,26.13,14.681,20.406
2005,11,30,0,25.996,14.28,20.138
2005,12,1,0,26.306,15.059,20.682
2005,12,2,0,26.825,16.239,21.532
2005,12,3,0.0034069,27.265,17.124,22.194
2005,12,4,0,26.793,17.392,22.092
2005,12,5,0,26.842,16.131,21.486
2005,12,6,0,25.939,12.79,19.364
2005,12,7,0.23267,25.519,12.727,19.123
2005,12,8,0,25.01,11.234,18.122
2005,12,9,1.2836e-10,25.12,11.551,18.336
2005,12,10,0.01485,24.824,12.079,18.451
2005,12,11,0.003488,24.673,12.418,18.546
2005,12,12,0,24.436,11.988,18.212
2005,12,13,0,24.06,11.883,17.972
2005,12,14,0,23.397,9.7362,16.567
2005,12,15,0,22.896,9.799,16.347
2005,12,16,0,23.291,10.102,16.696
2005,12,17,0,23.533,11.449,17.491
2005,12,18,0,24.471,12.967,18.719
2005,12,19,0,24.395,13.105,18.75
2005,12,20,0,24.564,14.906,19.735
2005,12,21,0,25.489,16.523,21.006
2005,12,22,0,25.116,17.465,21.29
2005,12,23,0,24.873,16.544,20.709
2005,12,24,0,24.788,15.963,20.375
2005,12,25,0,23.723,13.861,18.792
2005,12,26,0,23.244,10.98,17.112
2005,12,27,0,23.012,9.9492,16.481
2005,12,28,0,24.044,9.9632,17.003
2005,12,29,0,24.461,10.411,17.436
2005,12,30,0,25.418,11.561,18.49
2005,12,31,0,25.284,12.218,18.751
2006,1,1,0,25.561,11.997,18.779
2006,1,2,0,25.084,11.315,18.199
2006,1,3,0,24.573,10.59,17.582
2006,1,4,0,25.231,11.368,18.299
2006,1,5,0,25.654,11.335,18.494
2006,1,6,0,25.269,11.581,18.425
2006,1,7,0,25.524,12.146,18.835
2006,1,8,0,25.599,12.553,19.076
2006,1,9,0,26.123,13.333,19.728
2006,1,10,0,26.532,12.891,19.712
2006,1,11,0,26.525,12.227,19.376
2006,1,12,0,26.948,12.212,19.58
2006,1,13,0.077564,27.094,12.398,19.746
2006,1,14,0.26066,27.801,13.208,20.505
2006,1,15,0,27.233,13.298,20.265
2006,1,16,0,28.053,13.014,20.534
2006,1,17,0,28.486,13.737,21.112
2006,1,18,0,29.35,15.359,22.355
2006,1,19,0,29.769,15.38,22.574
2006,1,20,0,29.427,15.155,22.291
2006,1,21,0,29.318,14.621,21.969
2006,1,22,0,29.524,14.694,22.109
2006,1,23,0,29.037,15.327,22.182
2006,1,24,0,27.976,15.427,21.702
2006,1,25,0,25.472,12.043,18.757
2006,1,26,0,24.964,11.211,18.087
2006,1,27,0,24.715,10.41,17.563
2006,1,28,0,25.01,9.7628,17.387
2006,1,29,0,26.198,10.714,18.456
2006,1,30,0,26.847,11.839,19.343
2006,1,31,0,27.669,12.396,20.033
2006,2,1,0,28.838,12.959,20.899
2006,2,2,0,29.234,12.667,20.951
2006,2,3,0,29.354,13.247,21.301
2006,2,4,0,28.168,12.922,20.545
2006,2,5,0,28.456,13.099,20.778
2006,2,6,0,28.416,12.487,20.451
2006,2,7,0,28.579,12.676,20.628
2006,2,8,0,28.875,13.175,21.025
2006,2,9,0.018053,28.731,14.022,21.377
2006,2,10,0,29.204,13.74,21.472
2006,2,11,0,29.282,13.864,21.573
2006,2,12,0,29.286,14.395,21.84
2006,2,13,0,29.96,14.397,22.178
2006,2,14,0,31.448,15.391,23.42
2006,2,15,0.034764,31.755,16.631,24.193
2006,2,16,0,32.158,17.434,24.796
2006,2,17,0.75569,31.738,17.285,24.511
2006,2,18,0,32.26,16.823,24.542
2006,2,19,0,32.458,17.458,24.958
2006,2,20,0,33.486,18.482,25.984
2006,2,21,0,33.661,17.382,25.521
2006,2,22,0,34.095,17.813,25.954
2006,2,23,0,34.302,18.37,26.336
2006,2,24,0,34.987,18.545,26.766
2006,2,25,0.024044,35,18.441,26.72
2006,2,26,0,35.351,18.718,27.034
2006,2,27,0,35.226,18.793,27.01
2006,2,28,0,34.66,19.183,26.922
2006,3,1,0,33.965,20.065,27.015
2006,3,2,0,33.188,20.141,26.664
2006,3,3,0,31.313,19.542,25.428
2006,3,4,0,31.231,20.447,25.839
2006,3,5,2.9809,30.529,19.077,24.803
2006,3,6,58.91,30.698,19.193,24.946
2006,3,7,0.032204,31.442,19.759,25.601
2006,3,8,0.11532,31.461,19.805,25.633
2006,3,9,1.5767,31.548,19.388,25.468
2006,3,10,0,29.593,19.354,24.473
2006,3,11,17.58,25.065,16.503,20.784
2006,3,12,3.6716,26.983,16.573,21.778
2006,3,13,0,28.638,17.313,22.976
2006,3,14,0.021478,30.063,18.493,24.278
2006,3,15,0.12457,30.586,18.997,24.791
2006,3,16,1.1249,28.699,19.093,23.896
2006,3,17,1.6362,28.593,17.64,23.116
2006,3,18,0,29.871,17.998,23.934
2006,3,19,0,30.831,17.504,24.168
2006,3,20,0,31.62,18.111,24.866
2006,3,21,0,33.034,19.516,26.275
2006,3,22,0,33.408,20.471,26.94
2006,3,23,0,33.003,19.463,26.233
2006,3,24,0,33.355,18.908,26.131
2006,3,25,0.021672,34.743,20.327,27.535
2006,3,26,0.029659,35.416,21.816,28.616
2006,3,27,0,35.993,22.345,29.169
2006,3,28,0,34.532,22,28.266
2006,3,29,0,33.632,21.405,27.518
2006,3,30,0,34.894,21.121,28.008
2006,3,31,0,34.913,20.426,27.67
2006,4,1,0,34.764,20.134,27.449
2006,4,2,0,35.911,21.837,28.874
2006,4,3,0,35.563,22.925,29.244
2006,4,4,0,36.12,23.284,29.702
2006,4,5,0,36.814,22.338,29.576
2006,4,6,0.16161,36.984,22.583,29.783
2006,4,7,0,37.434,23.344,30.389
2006,4,8,0,37.873,23.982,30.928
2006,4,9,0.38079,37.941,24.51,31.225
2006,4,10,0.046152,37.819,24.94,31.38
2006,4,11,0.16766,37.559,24.951,31.255
2006,4,12,0.06626,37.76,25.292,31.526
2006,4,13,0.057107,37.365,25.165,31.265
2006,4,14,2.049,36.895,24.2,30.547
2006,4,15,0,36.045,23.805,29.925
2006,4,16,2.2628,33.933,22.126,28.03
2006,4,17,54.655,27.872,19.84,23.856
2006,4,18,0.0021281,30.008,19.555,24.782
2006,4,19,0.032116,31.822,21.052,26.437
2006,4,20,0.25542,33.057,20.665,26.861
2006,4,21,0.31156,34.031,21.83,27.93
2006,4,22,0,34.979,23.157,29.068
2006,4,23,0,35.763,22.912,29.338
2006,4,24,0.39404,36.374,23.287,29.83
2006,4,25,0,36.962,24.586,30.774
2006,4,26,0,37.536,24.496,31.016
2006,4,27,0,37.998,24.261,31.129
2006,4,28,0,38.005,24.249,31.127
2006,4,29,0,38.235,24.319,31.277
2006,4,30,0,38.379,24.229,31.304
2006,5,1,0,38.096,25.222,31.659
2006,5,2,0.013243,37.911,25.627,31.769
2006,5,3,0,36.889,24.401,30.645
2006,5,4,0.24342,36.052,22.94,29.496
2006,5,5,0,36.452,24.434,30.443
2006,5,6,13.603,37.253,24.279,30.766
2006,5,7,0,38.174,25.617,31.896
2006,5,8,0,38.824,26.056,32.44
2006,5,9,0,38.437,26.009,32.223
2006,5,10,0,39.106,26.266,32.686
2006,5,11,0.047401,39.976,26.486,33.231
2006,5,12,0.034586,39.966,26.872,33.419
2006,5,13,0.35244,39.413,26.909,33.161
2006,5,14,0,39.317,26.369,32.843
2006,5,15,0.0084318,39.506,26.495,33
2006,5,16,0.3577,38.072,25.825,31.948
2006,5,17,18.146,36.259,25.097,30.678
2006,5,18,5.4632,36.221,24.88,30.551
2006,5,19,17.03,36.826,24.231,30.529
2006,5,20,0.00096199,35.221,22.831,29.026
2006,5,21,0.00074818,35.395,23.957,29.676
2006,5,22,0.0044539,36.022,24.546,30.284
2006,5,23,0,35.419,24.415,29.917
2006,5,24,5.4443,35.731,24.604,30.168
2006,5,25,2.0935,34.482,23.932,29.207
2006,5,26,11.416,33.985,24.553,29.269
2006,5,27,57.308,34.901,23.557,29.229
2006,5,28,0.0033109,34.218,24.284,29.251
2006,5,29,10.675,34.17,23.388,28.779
2006,5,30,0.046999,34.399,24.826,29.612
2006,5,31,0,35.205,25.462,30.333
2006,6,1,0,35.529,25.663,30.596
2006,6,2,0,34.8,25.353,30.077
2006,6,3,0,34.12,24.948,29.534
2006,6,4,0,33.27,24.912,29.091
2006,6,5,10.175,30.418,22.706,26.562
2006,6,6,29.277,30.488,22.912,26.7
2006,6,7,0.16647,31.947,23.38,27.664
2006,6,8,0,33.603,24.128,28.865
2006,6,9,8.6689,33.547,24.811,29.179
2006,6,10,0,34.008,25.176,29.592
2006,6,11,0,34.388,25.522,29.955
2006,6,12,0.10129,34.927,26.083,30.505
2006,6,13,1.0195,35.376,26.124,30.75
2006,6,14,0.15718,35.51,26.507,31.008
2006,6,15,0.050571,36.296,26.527,31.412
2006,6,16,0.27234,36.57,26.878,31.724
2006,6,17,0.57843,36.484,26.748,31.616
2006,6,18,0.53434,36.067,27.164,31.616
2006,6,19,17.186,34.959,25.913,30.436
2006,6,20,4.953,34.831,25.706,30.269
2006,6,21,17.928,32.874,24.82,28.847
2006,6,22,23.355,31.861,24.676,28.268
2006,6,23,2.94,30.977,24.624,27.8
2006,6,24,0.36244,31.531,24.221,27.876
2006,6,25,6.2509,31.383,24.558,27.971
2006,6,26,0,32.254,24.875,28.565
2006,6,27,0.60285,32.161,25.053,28.607
2006,6,28,1.4158,31.636,24.826,28.231
2006,6,29,2.4871,30.887,24.151,27.519
2006,6,30,2.4713,28.532,23.187,25.86
2006,7,1,0.61705,28.648,23.098,25.873
2006,7,2,0.17883,27.577,22.836,25.207
2006,7,3,159.79,26.136,22.651,24.394
2006,7,4,176.02,26.485,21.948,24.217
2006,7,5,1.6762,26.326,22.107,24.216
2006,7,6,0.029959,27.918,22.851,25.384
2006,7,7,0.017624,29.223,23.7,26.462
2006,7,8,2.7911e-06,30.114,24.269,27.192
2006,7,9,3.2924,30.146,24.273,27.209
2006,7,10,2.2843,30.222,24.204,27.213
2006,7,11,1.9569,29.468,24.114,26.791
2006,7,12,0.98424,29.928,23.97,26.949
2006,7,13,0.49431,29.928,24.104,27.016
2006,7,14,1.5593,29.443,24.203,26.823
2006,7,15,11.924,27.747,23.167,25.457
2006,7,16,0.03831,28.234,23.172,25.703
2006,7,17,11.445,27.129,22.737,24.933
2006,7,18,0.038319,28.266,22.483,25.374
2006,7,19,1.1506,27.752,22.488,25.12
2006,7,20,3.2351,28.263,23.394,25.828
2006,7,21,5.8989,26.071,21.384,23.727
2006,7,22,4.7818,25.757,21.289,23.523
2006,7,23,0.31701,27.47,22.533,25.002
2006,7,24,0.99734,28.321,23.099,25.71
2006,7,25,9.3394,28.885,23.357,26.121
2006,7,26,7.1901,27.884,23.109,25.497
2006,7,27,19.27,26.664,21.918,24.291
2006,7,28,42.891,25.147,21.221,23.184
2006,7,29,1.0147,24.921,21.164,23.042
2006,7,30,5.4304,25.601,21.953,23.777
2006,7,31,17.544,26.728,22.22,24.474
2006,8,1,1.5248,26.818,22.429,24.623
2006,8,2,41.902,26.181,22.279,24.23
2006,8,3,104.21,25.239,21.614,23.427
2006,8,4,116.87,25.417,21.669,23.543
2006,8,5,9.7697,25.523,21.351,23.437
2006,8,6,0.082972,25.754,21.508,23.631
2006,8,7,0.28733,26.661,22.422,24.542
2006,8,8,0.32909,27.788,22.4,25.094
2006,8,9,0.76087,28.288,22.492,25.39
2006,8,10,3.6604,28.339,22.819,25.579
2006,8,11,2.7486,28.474,22.968,25.721
2006,8,12,3.8637,27.684,22.749,25.217
2006,8,13,19.25,27.244,22.031,24.637
2006,8,14,3.6851,27.071,22.575,24.823
2006,8,15,1.5935,27.79,22.661,25.225
2006,8,16,8.3795,27.845,23.314,25.579
2006,8,17,75.434,27.42,22.231,24.825
2006,8,18,3.3871,28.277,22.836,25.557
2006,8,19,1.1193,28.947,23.289,26.118
2006,8,20,0.11031,29.602,24.186,26.894
2006,8,21,2.2396,28.697,22.644,25.67
2006,8,22,1.1536,27.219,22.164,24.691
2006,8,23,47.157,27.575,21.912,24.743
2006,8,24,0.025589,27.877,22.782,25.329
2006,8,25,1.1786,27.683,21.635,24.659
2006,8,26,1.0098,27.543,22.386,24.965
2006,8,27,2.7118,27.541,22.092,24.817
2006,8,28,3.4881,27.068,22.108,24.588
2006,8,29,3.398,26.324,21.866,24.095
2006,8,30,84.759,25.967,20.87,23.419
2006,8,31,11.671,26.151,20.534,23.342
2006,9,1,0.52747,27.778,21.231,24.505
2006,9,2,0.057256,29.237,22.156,25.697
2006,9,3,0.027346,29.452,22.461,25.957
2006,9,4,6.4666,29.147,22.525,25.836
2006,9,5,34.732,28.61,22.174,25.392
2006,9,6,1.9801,28.045,22.4,25.222
2006,9,7,1.2874,29.875,22.716,26.295
2006,9,8,0,30.743,23.681,27.212
2006,9,9,0,30.789,23.423,27.106
2006,9,10,10.666,30.755,23.008,26.881
2006,9,11,0.45279,30.272,23.236,26.754
2006,9,12,2.1697,30.756,23.556,27.156
2006,9,13,12.418,30.25,23.336,26.793
2006,9,14,6.3858e-06,30.543,23.129,26.836
2006,9,15,0.77887,29.781,22.718,26.25
2006,9,16,7.1189,29.054,22.358,25.706
2006,9,17,14.973,29.177,22.597,25.887
2006,9,18,34.408,28.769,22.527,25.648
2006,9,19,14.679,29.163,22.254,25.708
2006,9,20,2.2251,29.257,22.214,25.736
2006,9,21,28.151,28.136,22.028,25.082
2006,9,22,3.0641,28.805,22.222,25.514
2006,9,23,2.2741,29.623,22.234,25.929
2006,9,24,1.2424,30.269,22.45,26.36
2006,9,25,0.15425,30.602,21.991,26.297
2006,9,26,0.88138,30.895,22.401,26.648
2006,9,27,0.6111,31.456,22.303,26.88
2006,9,28,0.29174,30.935,22.359,26.647
2006,9,29,0.54265,29.64,22.431,26.036
2006,9,30,80.768,28.696,22.056,25.376
2006,10,1,0.63743,28.511,21.254,24.883
2006,10,2,0.95323,28.904,21.355,25.13
2006,10,3,0.056291,29.89,22.258,26.074
2006,10,4,15.197,30.587,22.67,26.628
2006,10,5,0.14612,31.175,22.666,26.921
2006,10,6,2.6467,31.821,22.729,27.275
2006,10,7,3.6024,32.192,21.987,27.09
2006,10,8,0.17815,32.378,21.972,27.175
2006,10,9,0,32.408,21.139,26.773
2006,10,10,0,32.466,21.304,26.885
2006,10,11,0,32.277,21.95,27.114
2006,10,12,0.0013062,31.662,21.112,26.387
2006,10,13,0,32.157,21.217,26.687
2006,10,14,0,31.72,20.64,26.18
2006,10,15,0,31.241,21.015,26.128
2006,10,16,0,31.404,21.339,26.372
2006,10,17,0.0019905,30.986,20.652,25.819
2006,10,18,0.022244,31.002,20.383,25.692
2006,10,19,0.041333,31.293,20.001,25.647
2006,10,20,0.053783,30.148,19.057,24.602
2006,10,21,0,29.789,19.609,24.699
2006,10,22,2.1058,30.03,19.403,24.716
2006,10,23,1.4135,29.857,19.803,24.83
2006,10,24,0.44275,29.583,19.897,24.74
2006,10,25,0.36686,29.275,19.857,24.566
2006,10,26,0.0016172,29.075,18.959,24.017
2006,10,27,0,28.721,18.977,23.849
2006,10,28,0.62035,27.881,19.912,23.896
2006,10,29,0.0014306,28.06,19.681,23.87
2006,10,30,0.27893,27.531,19.62,23.575
2006,10,31,6.1581,25.8,19.625,22.712
2006,11,1,27.804,25.424,18.965,22.195
2006,11,2,19.024,26.03,18.574,22.302
2006,11,3,4.6446,27.03,19.615,23.322
2006,11,4,3.1402,28.071,19.896,23.983
2006,11,5,2.2058,28.826,20.506,24.666
2006,11,6,0,28.848,20.18,24.514
2006,11,7,0,28.81,19.126,23.968
2006,11,8,0,28.248,18.074,23.161
2006,11,9,17.365,27.226,18.122,22.674
2006,11,10,0.079357,27.787,18.482,23.135
2006,11,11,0,27.715,18.018,22.866
2006,11,12,0,27.969,18.164,23.066
2006,11,13,0,26.971,17.863,22.417
2006,11,14,0,28.182,17.101,22.641
2006,11,15,0,27.638,16.944,22.291
2006,11,16,0,28.334,17.187,22.76
2006,11,17,0,28.189,16.678,22.433
2006,11,18,0,27.781,16.36,22.07
2006,11,19,0,27.983,15.587,21.785
2006,11,20,0,28.446,15.154,21.8
2006,11,21,0,28.161,14.93,21.546
2006,11,22,0,28.389,15.033,21.711
2006,11,23,0,28.575,16.122,22.348
2006,11,24,0,28.309,16.626,22.468
2006,11,25,0.0020413,28.144,16.857,22.501
2006,11,26,0,29.45,18.446,23.948
2006,11,27,0,29.507,17.783,23.645
2006,11,28,0,28.339,16.989,22.664
2006,11,29,0,28.975,17.864,23.42
2006,11,30,0,29.088,18.03,23.559
2006,12,1,0,28.552,17.692,23.122
2006,12,2,0,27.588,16.696,22.142
2006,12,3,0.0013136,28.011,16.476,22.244
2006,12,4,0,28.642,16.411,22.526
2006,12,5,0,28.918,16.373,22.646
2006,12,6,0,28.779,16.101,22.44
2006,12,7,0,29.069,15.822,22.446
2006,12,8,0,29.062,15.144,22.103
2006,12,9,0,28.917,15.057,21.987
2006,12,10,0.0025649,28.04,14.678,21.359
2006,12,11,0.0013449,28.334,14.878,21.606
2006,12,12,0,28.029,14.751,21.39
2006,12,13,0,27.143,14.421,20.782
2006,12,14,0.0034214,26.9,13.254,20.077
2006,12,15,0.33977,26.709,12.262,19.486
2006,12,16,0.53953,26.48,12.014,19.247
2006,12,17,0,26.068,11.674,18.871
2006,12,18,0,25.833,11.664,18.748
2006,12,19,0,25.507,11.566,18.536
2006,12,20,0,25.032,12.012,18.522
2006,12,21,0,25.719,13.391,19.555
2006,12,22,0,26.103,13.585,19.844
2006,12,23,0,26.171,13.298,19.735
2006,12,24,0,25.092,12.932,19.012
2006,12,25,0,25.888,12.976,19.432
2006,12,26,0,26.253,12.329,19.291
2006,12,27,0,26.363,12.92,19.641
2006,12,28,0,27.225,14.102,20.664
2006,12,29,0,26.642,14.166,20.404
2006,12,30,0,26.396,13.391,19.893
2006,12,31,0,26.264,13.445,19.855
2007,1,1,0,26.27,13.342,19.806
2007,1,2,0,26.623,13.155,19.889
2007,1,3,0,25.381,11.846,18.614
2007,1,4,0,26.021,11.407,18.714
2007,1,5,0,25.616,10.89,18.253
2007,1,6,0,25.338,11.345,18.342
2007,1,7,0,25.853,10.785,18.319
2007,1,8,0,26.102,11.96,19.031
2007,1,9,0,26.078,11.976,19.027
2007,1,10,0,26.307,12.151,19.229
2007,1,11,0,26.517,12.291,19.404
2007,1,12,0,25.673,12.671,19.172
2007,1,13,0,26.863,14.133,20.498
2007,1,14,0,26.959,14.102,20.531
2007,1,15,0,27.151,14.107,20.629
2007,1,16,0,28.081,14.491,21.286
2007,1,17,0,27.034,14.964,20.999
2007,1,18,0,26.28,14.551,20.415
2007,1,19,0,26.449,12.292,19.371
2007,1,20,0,28.133,12.537,20.335
2007,1,21,0,28.924,13.547,21.235
2007,1,22,0,28.524,14.174,21.349
2007,1,23,0.37307,26.665,14.307,20.486
2007,1,24,0,27.266,14.424,20.845
2007,1,25,0.16772,27.609,12.899,20.254
2007,1,26,0.45284,28.211,12.797,20.504
2007,1,27,0,28.973,13.453,21.213
2007,1,28,0,29.613,15.045,22.329
2007,1,29,0.27197,29.571,14.907,22.239
2007,1,30,0.037196,28.987,15.608,22.298
2007,1,31,0.013326,29.69,14.938,22.314
2007,2,1,0.33653,30.107,15.914,23.01
2007,2,2,0,29.76,15.779,22.77
2007,2,3,0,29.636,15.842,22.739
2007,2,4,0,30.278,16.97,23.624
2007,2,5,0.082186,29.763,17.096,23.43
2007,2,6,0.044654,30.037,16.911,23.474
2007,2,7,0,30.175,17.28,23.728
2007,2,8,0,29.419,17.871,23.645
2007,2,9,0,29.329,17.795,23.562
2007,2,10,0,29.677,18.403,24.04
2007,2,11,0,29.087,16.766,22.927
2007,2,12,0,29.201,17.121,23.161
2007,2,13,3.5463,27.259,18.237,22.748
2007,2,14,1.2562,26.23,15.991,21.11
2007,2,15,0,27.381,15.014,21.198
2007,2,16,0,28.089,15.811,21.95
2007,2,17,0,28.253,15.882,22.068
2007,2,18,0,28.153,15.528,21.841
2007,2,19,0,27.948,14.938,21.443
2007,2,20,0,28.503,13.764,21.133
2007,2,21,0,28.835,13.708,21.271
2007,2,22,0,29.268,13.533,21.401
2007,2,23,0,29.458,13.665,21.561
2007,2,24,0,29.526,15.353,22.44
2007,2,25,0.016674,31.159,15.9,23.529
2007,2,26,0,30.692,16.153,23.422
2007,2,27,0,31.921,16.845,24.383
2007,2,28,0,32.229,17.723,24.976
2007,3,1,0,31.822,18.657,25.24
2007,3,2,0,31.367,18.378,24.873
2007,3,3,0,31.215,18.441,24.828
2007,3,4,0,31.046,18.647,24.846
2007,3,5,0,31.755,18.348,25.052
2007,3,6,0,31.582,17.06,24.321
2007,3,7,0,31.424,17.28,24.352
2007,3,8,0,31.444,17.904,24.674
2007,3,9,0.0094446,31.399,19.685,25.542
2007,3,10,0.019553,31.637,20.311,25.974
2007,3,11,0.036108,32.045,20.439,26.242
2007,3,12,0,31.014,19.992,25.503
2007,3,13,0.001215,32.153,20.312,26.233
2007,3,14,0,32.387,18.701,25.544
2007,3,15,1.2927,31.813,19.147,25.48
2007,3,16,0,31.656,17.853,24.754
2007,3,17,0,32.259,16.121,24.19
2007,3,18,0,33.551,17.693,25.622
2007,3,19,0,34.504,18.974,26.739
2007,3,20,0,34.561,19.485,27.023
2007,3,21,0,35.305,20.174,27.74
2007,3,22,0,34.477,22.12,28.299
2007,3,23,0,35.378,22.325,28.852
2007,3,24,0,36.206,23.303,29.755
2007,3,25,0,35.714,22.442,29.078
2007,3,26,0,34.046,20.989,27.517
2007,3,27,0,35.654,20.295,27.975
2007,3,28,0,35.608,19.565,27.587
2007,3,29,0,35.534,20.269,27.902
2007,3,30,0.040038,35.688,20.913,28.3
2007,3,31,0.29028,36.81,21.478,29.144
2007,4,1,0.012372,37.051,21.981,29.516
2007,4,2,0.21091,37.474,23.165,30.319
2007,4,3,0,37.418,23.488,30.453
2007,4,4,0.33637,37.513,23.79,30.652
2007,4,5,0.1442,37.736,22.847,30.291
2007,4,6,0,37.103,23.276,30.189
2007,4,7,0.56571,36.96,24.05,30.505
2007,4,8,0,35.86,23.972,29.916
2007,4,9,0,35.18,24.182,29.681
2007,4,10,0,35.671,23.549,29.61
2007,4,11,0,36.443,23.599,30.021
2007,4,12,3.8141,36.472,22.863,29.667
2007,4,13,0.0022976,36.471,23.177,29.824
2007,4,14,0.087025,36.087,23.437,29.762
2007,4,15,8.7704,35.602,22.744,29.173
2007,4,16,0,35.648,23.145,29.396
2007,4,17,0.040844,35.038,23.515,29.277
2007,4,18,0.17211,34.798,22.587,28.693
2007,4,19,7.4391,34.563,22.719,28.641
2007,4,20,3.873,34.329,22.866,28.597
2007,4,21,7.955,34.191,22.725,28.458
2007,4,22,0,36.474,24.055,30.265
2007,4,23,0,38.14,24.565,31.353
2007,4,24,0.321,38.699,25.149,31.924
2007,4,25,0.30218,38.724,25.405,32.064
2007,4,26,0,38.465,25.801,32.133
2007,4,27,0,39.089,26.444,32.766
2007,4,28,0,39.035,25.262,32.148
2007,4,29,0,39.052,26.384,32.718
2007,4,30,0,38.114,26.132,32.123
2007,5,1,1.2563,37.728,25.149,31.438
2007,5,2,0,37.48,25.967,31.724
2007,5,3,0,37.642,25.243,31.442
2007,5,4,0,36.657,25.126,30.891
2007,5,5,2.3222,35.958,24.229,30.094
2007,5,6,0,36.939,24.463,30.701
2007,5,7,0.023075,37.625,25.265,31.445
2007,5,8,1.5624,37.632,24.265,30.948
2007,5,9,0,37.117,24.26,30.688
2007,5,10,0,38.689,26.738,32.714
2007,5,11,0.05166,39.162,26.198,32.68
2007,5,12,0.0094545,38.537,27.118,32.827
2007,5,13,0.18613,38.228,24.888,31.558
2007,5,14,0.010986,38.644,25.841,32.242
2007,5,15,0.062605,38.52,24.887,31.703
2007,5,16,0.48549,38.995,25.992,32.494
2007,5,17,0.28976,38.616,25.707,32.162
2007,5,18,0.034358,38.309,25.411,31.86
2007,5,19,0.013329,38.242,25.761,32.002
2007,5,20,18.539,39.079,26.558,32.818
2007,5,21,0,39.486,26.995,33.24
2007,5,22,0,38.777,27.254,33.016
2007,5,23,0,38.384,26.132,32.258
2007,5,24,0,38.746,26.082,32.414
2007,5,25,0.011086,38.94,26.432,32.686
2007,5,26,0,39.173,27.074,33.124
2007,5,27,0,38.286,27.283,32.785
2007,5,28,0.073265,37.053,26.419,31.736
2007,5,29,8.6759,36.626,25.38,31.003
2007,5,30,0.13816,37.765,25.845,31.805
2007,5,31,0.097934,38.545,26.779,32.662
2007,6,1,0,38.065,26.304,32.185
2007,6,2,0.66991,38.06,26.846,32.453
2007,6,3,0,39.42,27.227,33.323
2007,6,4,0.35591,39.679,27.969,33.824
2007,6,5,0.39458,35.937,27.19,31.563
2007,6,6,0,37.821,27.307,32.564
2007,6,7,0.26179,38.26,27.245,32.753
2007,6,8,0.75937,36.897,26.79,31.843
2007,6,9,0.06853,34.845,26.544,30.695
2007,6,10,0.080665,34.561,25.423,29.992
2007,6,11,6.658,34.771,24.838,29.804
2007,6,12,0.44521,35.996,26.83,31.413
2007,6,13,9.8448,33.919,25.378,29.648
2007,6,14,12.17,31.465,24.197,27.831
2007,6,15,2.7813,31.848,23.966,27.907
2007,6,16,1.7964,33.435,25.125,29.28
2007,6,17,0,34.567,25.738,30.153
2007,6,18,2.03,33.235,25.391,29.313
2007,6,19,32.644,31.979,23.792,27.885
2007,6,20,0.27387,32.228,24.704,28.466
2007,6,21,5.6704,31.308,24.324,27.816
2007,6,22,1.7601,29.753,25.345,27.549
2007,6,23,0.15495,29.071,23.966,26.519
2007,6,24,2.3411,28.214,23.588,25.901
2007,6,25,0.10627,26.947,23.338,25.143
2007,6,26,46.003,26.422,22.244,24.333
2007,6,27,82.022,28.006,23.07,25.538
2007,6,28,11.381,27.295,23.173,25.234
2007,6,29,93.28,25.824,22.917,24.371
2007,6,30,62.61,27.001,22.518,24.76
2007,7,1,4.2058,28.466,23.218,25.842
2007,7,2,0.60861,29.849,24.459,27.154
2007,7,3,0.18958,30.416,25.182,27.799
2007,7,4,1.789,29.791,24.79,27.291
2007,7,5,1.4288,29.088,24.355,26.721
2007,7,6,1.3898,27.435,24.12,25.777
2007,7,7,29.636,26.473,22.971,24.722
2007,7,8,12.308,28.129,22.947,25.538
2007,7,9,1.318,29.135,22.939,26.037
2007,7,10,2.2561,28.817,23.552,26.184
2007,7,11,2.5177,29.22,23.87,26.545
2007,7,12,1.0533,29.256,24.331,26.793
2007,7,13,35.174,28.724,23.543,26.134
2007,7,14,43.293,27.853,23.796,25.825
2007,7,15,7.2661,28.115,24.08,26.098
2007,7,16,10.261,28.038,23.385,25.711
2007,7,17,0.70962,29.352,24.018,26.685
2007,7,18,3.4228,30.343,24.625,27.484
2007,7,19,4.3786,30.646,24.73,27.688
2007,7,20,0.59987,29.867,24.723,27.295
2007,7,21,8.6651,29.694,23.649,26.671
2007,7,22,0.91039,29.302,23.908,26.605
2007,7,23,11.911,29.446,23.748,26.597
2007,7,24,10.015,29.711,23.938,26.825
2007,7,25,2.596,29.761,24.48,27.12
2007,7,26,10.612,29.456,24.418,26.937
2007,7,27,3.6213,29.633,23.865,26.749
2007,7,28,5.9689,29.206,24.277,26.741
2007,7,29,11.351,29.328,23.438,26.383
2007,7,30,26.397,29.661,24.123,26.892
2007,7,31,3.7548,30.752,24.954,27.853
2007,8,1,26.005,30.58,24.617,27.598
2007,8,2,24.4,29.94,24.761,27.351
2007,8,3,36.702,29.102,24.072,26.587
2007,8,4,1.8109,27.932,23.989,25.96
2007,8,5,5.0591,27.525,23.528,25.526
2007,8,6,51.19,26.02,23.334,24.677
2007,8,7,128.74,26.4,23.102,24.751
2007,8,8,6.6965,28.129,23.625,25.877
2007,8,9,1.2231,29.618,23.868,26.743
2007,8,10,0.87054,29.522,24.751,27.137
2007,8,11,10.696,27.621,23.939,25.78
2007,8,12,54.469,25.963,22.764,24.363
2007,8,13,14.438,26.363,23.061,24.712
2007,8,14,1.5907,28.304,23.704,26.004
2007,8,15,0,29.33,23.988,26.659
2007,8,16,0.61251,29.244,24.612,26.928
2007,8,17,0.077139,28.642,24.459,26.55
2007,8,18,0.10472,27.912,23.854,25.883
2007,8,19,0.0054857,27.614,23.277,25.446
2007,8,20,0.65273,27.85,23.4,25.625
2007,8,21,9.1615,29.41,23.529,26.469
2007,8,22,1.008,29.628,23.703,26.665
2007,8,23,1.1227,29.857,24.241,27.049
2007,8,24,28.714,30.153,23.073,26.613
2007,8,25,0.85586,30.506,23.624,27.065
2007,8,26,5.6814,30.126,24.475,27.3
2007,8,27,0.092132,29.442,24.274,26.858
2007,8,28,3.3354,29.159,23.809,26.484
2007,8,29,0,29.078,23.758,26.418
2007,8,30,7.2262,29.999,24.063,27.031
2007,8,31,6.13,29.979,23.544,26.762
2007,9,1,17.057,29.558,24.088,26.823
2007,9,2,12.308,28.929,23.69,26.309
2007,9,3,60.881,28.936,23.629,26.282
2007,9,4,5.9714,29.297,23.771,26.534
2007,9,5,1.298,28.803,24.123,26.463
2007,9,6,1.5148,26.986,22.858,24.922
2007,9,7,23.515,28.336,23.424,25.88
2007,9,8,5.3133,29.202,24.038,26.62
2007,9,9,16.994,28.983,23.791,26.387
2007,9,10,3.9848,29.479,23.788,26.633
2007,9,11,1.4434,30.257,24.119,27.188
2007,9,12,0,30.705,24.171,27.438
2007,9,13,2.0822,30.45,23.777,27.114
2007,9,14,8.91,28.937,23.404,26.17
2007,9,15,31.321,28.648,22.822,25.735
2007,9,16,0.40386,29.305,23.345,26.325
2007,9,17,0.034522,30.367,23.821,27.094
2007,9,18,0,30.353,23.64,26.996
2007,9,19,0.030192,29.907,23.386,26.646
2007,9,20,1.1203,29.026,23.504,26.265
2007,9,21,21.8,28.64,22.906,25.773
2007,9,22,16.807,27.989,22.686,25.338
2007,9,23,32.29,27.959,22.692,25.326
2007,9,24,21.875,29.242,23.044,26.143
2007,9,25,0.56301,29.682,23.68,26.681
2007,9,26,0.16848,30.271,23.775,27.023
2007,9,27,28.297,28.622,22.501,25.561
2007,9,28,1.5691,29.635,23.14,26.387
2007,9,29,0.052487,30.017,23.312,26.664
2007,9,30,4.417,29.591,23.368,26.48
2007,10,1,11.443,30.244,23.346,26.795
2007,10,2,0.10542,30.329,23.454,26.892
2007,10,3,40.621,30.071,22.814,26.442
2007,10,4,0.71222,29.641,22.82,26.231
2007,10,5,13.566,28.82,23.053,25.936
2007,10,6,27.011,29.055,23.236,26.145
2007,10,7,0.028588,28.276,22.787,25.531
2007,10,8,0.91308,30.254,22.422,26.338
2007,10,9,0.19919,31.199,22.236,26.718
2007,10,10,0,31.03,21.231,26.131
2007,10,11,0,30.493,21.318,25.905
2007,10,12,0,30.609,21.508,26.058
2007,10,13,0.097441,30.421,20.786,25.603
2007,10,14,0,30.323,19.961,25.142
2007,10,15,0.024968,30.337,19.929,25.133
2007,10,16,0,30.221,19.83,25.025
2007,10,17,0,29.539,20.984,25.261
2007,10,18,0,29.062,21.154,25.108
2007,10,19,2.5134,29.555,21.148,25.352
2007,10,20,1.8245,29.4,20.927,25.163
2007,10,21,0,29.479,19.695,24.587
2007,10,22,0,29.282,19.944,24.613
2007,10,23,0,29.452,19.792,24.622
2007,10,24,0,28.881,18.803,23.842
2007,10,25,0,28.829,17.906,23.367
2007,10,26,0,28.696,18.153,23.424
2007,10,27,0,28.842,18.101,23.471
2007,10,28,0,28.771,18.672,23.722
2007,10,29,0,28.295,18.551,23.423
2007,10,30,0.41978,27.098,19.195,23.147
2007,10,31,0,28.422,21.554,24.988
2007,11,1,0,30.712,21.959,26.336
2007,11,2,0,29.931,22.119,26.025
2007,11,3,0,30.308,21.795,26.051
2007,11,4,0,30.822,21.591,26.207
2007,11,5,0.00046085,30.56,20.619,25.59
2007,11,6,0,29.735,19.19,24.462
2007,11,7,0,29.063,18.124,23.593
2007,11,8,0,29.205,18.129,23.667
2007,11,9,1.2401e-06,29.126,18.389,23.757
2007,11,10,0.30875,29.584,18.813,24.198
2007,11,11,0.04389,29.379,17.572,23.476
2007,11,12,0.0072494,28.69,17.129,22.909
2007,11,13,0,28.36,16.892,22.626
2007,11,14,1.693e-10,28.085,15.576,21.831
2007,11,15,0,27.584,15.224,21.404
2007,11,16,0,27.468,15.56,21.514
2007,11,17,0,27.454,16.225,21.84
2007,11,18,0,28.028,16.567,22.298
2007,11,19,0,28.056,16.847,22.451
2007,11,20,0,27.48,17.403,22.442
2007,11,21,0,26.97,15.845,21.408
2007,11,22,0,26.256,13.442,19.849
2007,11,23,0,26.276,13.073,19.675
2007,11,24,0,26.423,12.705,19.564
2007,11,25,0,27.049,12.651,19.85
2007,11,26,0,27.87,14.11,20.99
2007,11,27,0,27.919,15.238,21.578
2007,11,28,0,27.725,14.393,21.059
2007,11,29,0,26.821,13.027,19.924
2007,11,30,0,26.501,13.036,19.769
2007,12,1,0,26.626,13.897,20.262
2007,12,2,0.0012048,26.834,14.607,20.721
2007,12,3,0.0029451,27.035,15.094,21.064
2007,12,4,0,26.4,14.665,20.532
2007,12,5,0,25.633,13.555,19.594
2007,12,6,0,25.312,13.218,19.265
2007,12,7,0,25.745,13.07,19.408
2007,12,8,0,26.146,13.275,19.71
2007,12,9,0,26.197,14.072,20.135
2007,12,10,0,26.209,14.3,20.255
2007,12,11,0,27.071,14.675,20.873
2007,12,12,0,27.085,15.066,21.075
2007,12,13,0.0012954,26.996,14.773,20.884
2007,12,14,9.6245e-05,27.174,15.002,21.088
2007,12,15,0,26.716,17.019,21.868
2007,12,16,0,26.831,15.91,21.37
2007,12,17,0,26.449,15.455,20.952
2007,12,18,0,25.29,13.09,19.19
2007,12,19,0,26.173,13.545,19.859
2007,12,20,0,27.848,15.304,21.576
2007,12,21,0,28.386,14.855,21.62
2007,12,22,0,28.837,13.811,21.324
2007,12,23,0,28.04,13.115,20.577
2007,12,24,0,27.858,12.127,19.993
2007,12,25,0,27.741,13.225,20.483
2007,12,26,0,28.584,14.867,21.725
2007,12,27,0,28.744,15.401,22.072
2007,12,28,0,28.42,16.033,22.226
2007,12,29,0,28.248,15.592,21.92
2007,12,30,0,27.941,15.405,21.673
2007,12,31,0,26.85,13.757,20.303
2008,1,1,0,26.566,13.167,19.867
2008,1,2,0,26.604,12.718,19.661
2008,1,3,0,26.313,12.247,19.28
2008,1,4,0,27.212,11.781,19.496
2008,1,5,0,27.587,12.844,20.216
2008,1,6,0,27.429,13.401,20.415
2008,1,7,0,27.519,13.774,20.646
2008,1,8,0,27.929,13.339,20.634
2008,1,9,0,28.153,13.119,20.636
2008,1,10,0,28.741,13.66,21.201
2008,1,11,0,28.502,14.189,21.346
2008,1,12,0,28.154,14.175,21.165
2008,1,13,0,28.058,14.357,21.207
2008,1,14,0,27.604,13.845,20.725
2008,1,15,0,27.824,13.294,20.559
2008,1,16,0,28.322,13.065,20.693
2008,1,17,0,28.25,12.686,20.468
2008,1,18,0,28.785,13.261,21.023
2008,1,19,0,28.235,14.473,21.354
2008,1,20,0,27.677,14.674,21.176
2008,1,21,0,27.221,14.5,20.86
2008,1,22,0,28.043,15.637,21.84
2008,1,23,0,27.281,16.029,21.655
2008,1,24,0,24.761,15.199,19.98
2008,1,25,0.034588,25.181,15.236,20.209
2008,1,26,19.761,24.716,15.798,20.257
2008,1,27,0.79792,24.019,13.991,19.005
2008,1,28,0,25.109,12.161,18.635
2008,1,29,0.28662,26.527,12.469,19.498
2008,1,30,0,25.709,15.051,20.38
2008,1,31,0,25.416,15.468,20.442
2008,2,1,0,24.24,13.052,18.646
2008,2,2,0.51528,24.887,11.075,17.981
2008,2,3,0,26.888,13.605,20.247
2008,2,4,0.00031555,26.707,16.737,21.722
2008,2,5,0.058094,26.528,18.071,22.299
2008,2,6,0.0048787,26.236,16.955,21.596
2008,2,7,0.00082823,26.861,16.787,21.824
2008,2,8,0.18686,26.669,17.072,21.87
2008,2,9,0.0014076,24.724,17.815,21.269
2008,2,10,0,24.969,15.028,19.999
2008,2,11,0,25.863,14.365,20.114
2008,2,12,0.22527,25.032,16.337,20.685
2008,2,13,2.1852,25.906,15.047,20.476
2008,2,14,0,27.404,14.154,20.779
2008,2,15,0,28.178,13.608,20.893
2008,2,16,0,29.472,14.46,21.966
2008,2,17,0,30.264,15.255,22.759
2008,2,18,0,30.363,15.963,23.163
2008,2,19,0,30.496,17.238,23.867
2008,2,20,0,29.659,16.917,23.288
2008,2,21,0,29.294,15.361,22.327
2008,2,22,0,30.21,14.958,22.584
2008,2,23,0,30.786,16.137,23.461
2008,2,24,0,31.305,17.799,24.552
2008,2,25,0.0025839,30.814,18.137,24.476
2008,2,26,0.0088015,30.318,17.899,24.108
2008,2,27,0,30.395,16.24,23.318
2008,2,28,0,30.683,15.277,22.98
2008,2,29,0,31.196,15.927,23.561
2008,3,1,0,32.269,16.528,24.398
2008,3,2,0,32.583,16.882,24.732
2008,3,3,0,32.663,17.71,25.186
2008,3,4,0,32.476,17.869,25.173
2008,3,5,0,33.102,17.198,25.15
2008,3,6,0,34.188,18.213,26.2
2008,3,7,0,35.002,18.236,26.619
2008,3,8,0.15634,34.912,18.984,26.948
2008,3,9,0.030953,34.38,19.275,26.828
2008,3,10,0.65307,34.071,18.932,26.502
2008,3,11,0.11327,33.801,19.25,26.525
2008,3,12,0,33.679,19.425,26.552
2008,3,13,0,32.958,20.335,26.647
2008,3,14,0,32.933,20.539,26.736
2008,3,15,0,34.055,20.219,27.137
2008,3,16,0,34.089,21.165,27.627
2008,3,17,0,34.317,20.999,27.658
2008,3,18,0,34.614,22.017,28.315
2008,3,19,2.8203,33.535,22.607,28.071
2008,3,20,0,33.885,22.884,28.385
2008,3,21,0,33.827,22.149,27.988
2008,3,22,0.00088281,33.016,21.847,27.431
2008,3,23,0.0073149,29.414,21.701,25.557
2008,3,24,5.1611,28.977,19.996,24.486
2008,3,25,0.052394,31.693,20.808,26.25
2008,3,26,0,33.467,22.361,27.914
2008,3,27,0.32683,34.298,22.253,28.276
2008,3,28,0,34.213,21.806,28.009
2008,3,29,8.6458,34.793,22.001,28.397
2008,3,30,0.0098297,34.681,23.287,28.984
2008,3,31,3.6533,32.278,21.107,26.692
2008,4,1,0,33.304,21.297,27.3
2008,4,2,0,34.386,21.424,27.905
2008,4,3,0,34.763,22.835,28.799
2008,4,4,0,33.55,22.242,27.896
2008,4,5,0.25174,31.417,21.088,26.252
2008,4,6,0.46978,32.113,19.839,25.976
2008,4,7,0,33.2,20.858,27.029
2008,4,8,1.5474,33.489,21.34,27.415
2008,4,9,0,34.561,21.843,28.202
2008,4,10,0,36.081,21.514,28.798
2008,4,11,0,36.991,22.643,29.817
2008,4,12,0,36.945,23.126,30.035
2008,4,13,0,37.004,23.478,30.241
2008,4,14,0.12814,36.858,24.471,30.665
2008,4,15,0,36.453,24.778,30.615
2008,4,16,0.27521,37.467,25.688,31.578
2008,4,17,0,37.619,25.234,31.427
2008,4,18,0.17941,37.435,24.79,31.113
2008,4,19,0.14699,38.271,24.876,31.573
2008,4,20,0,38.575,24.388,31.481
2008,4,21,0.007671,38.905,24.621,31.763
2008,4,22,0,39.22,25.24,32.23
2008,4,23,0.091524,38.754,24.907,31.83
2008,4,24,0.35654,37.576,25.428,31.502
2008,4,25,0.039659,37.177,25.603,31.39
2008,4,26,0,37.447,25.623,31.535
2008,4,27,0,37.728,25.599,31.663
2008,4,28,0.064849,38.226,25.503,31.864
2008,4,29,0.27106,38.063,24.113,31.088
2008,4,30,0,39.099,26.448,32.773
2008,5,1,1.3653,39.276,26.708,32.992
2008,5,2,0.017984,39.347,26.206,32.777
2008,5,3,0,39.464,25.643,32.554
2008,5,4,0,39.909,26.096,33.003
2008,5,5,0,39.551,27.517,33.534
2008,5,6,0,39.54,27.264,33.402
2008,5,7,0,39.016,26.579,32.797
2008,5,8,0.015675,39.286,26.915,33.1
2008,5,9,0.021772,39.092,26.473,32.783
2008,5,10,0,39.356,27.075,33.215
2008,5,11,0,38.839,27.02,32.93
2008,5,12,0,38.418,26.121,32.27
2008,5,13,0.0004261,38.2,24.79,31.495
2008,5,14,0.00089955,39.145,26.133,32.639
2008,5,15,0,39.692,27.475,33.583
2008,5,16,0.010167,40.123,27.098,33.611
2008,5,17,0.00055505,40.586,27.755,34.17
2008,5,18,0,40.854,27.876,34.365
2008,5,19,0.071602,40.684,27.798,34.241
2008,5,20,0,40.129,27.726,33.927
2008,5,21,0,39.508,27.564,33.536
2008,5,22,0.32629,38.486,26.732,32.609
2008,5,23,0.03617,38.958,26.629,32.794
2008,5,24,3.104,36.83,25.169,30.999
2008,5,25,0.12021,37.889,24.859,31.374
2008,5,26,0.063472,38.965,26.819,32.892
2008,5,27,1.0113,38.886,26.478,32.682
2008,5,28,0.12021,38.179,26.054,32.116
2008,5,29,0.46881,38.475,27.394,32.935
2008,5,30,0.050103,38.361,26.683,32.522
2008,5,31,0.17173,37.456,27.083,32.27
2008,6,1,0.76041,38.111,27.399,32.755
2008,6,2,0.19839,35.835,25.756,30.796
2008,6,3,0,36.934,27.065,32
2008,6,4,0,34.213,26.105,30.159
2008,6,5,0,37.08,27.066,32.073
2008,6,6,0.25426,34.013,25.14,29.576
2008,6,7,0.29126,34.134,24.257,29.196
2008,6,8,45.735,33,24.837,28.919
2008,6,9,3.6426,32.053,24.792,28.423
2008,6,10,13.287,29.93,24.181,27.056
2008,6,11,11.572,29.322,23.942,26.632
2008,6,12,3.2012,30.678,24.506,27.592
2008,6,13,2.7737,30.137,24.638,27.387
2008,6,14,0.064533,30.127,24.429,27.278
2008,6,15,0.011051,29.775,24.906,27.34
2008,6,16,0.22366,30.005,25.005,27.505
2008,6,17,0.18228,29.668,24.878,27.273
2008,6,18,0,29.817,25.413,27.615
2008,6,19,0.070624,31.4,25.578,28.489
2008,6,20,0.12164,30.785,24.774,27.779
2008,6,21,0.28309,30.735,25.487,28.111
2008,6,22,0.31346,29.666,24.92,27.293
2008,6,23,0.73781,29.862,23.521,26.691
2008,6,24,12.753,28.907,24.024,26.465
2008,6,25,0.28415,28.97,23.792,26.381
2008,6,26,0.75924,28.554,23.547,26.051
2008,6,27,37.016,28.188,23.911,26.05
2008,6,28,62.166,27.107,23.683,25.395
2008,6,29,20.8,28.393,23.199,25.796
2008,6,30,0.98726,29.571,24.167,26.869
2008,7,1,3.4647,28.866,24.109,26.487
2008,7,2,1.1042,29.775,24.099,26.937
2008,7,3,1.1927,29.594,24.501,27.048
2008,7,4,1.9724e-06,30.187,24.464,27.326
2008,7,5,3.5417,28.846,24.024,26.435
2008,7,6,2.0674,28.003,23.972,25.987
2008,7,7,10.586,27.755,23.309,25.532
2008,7,8,5.9235,27.753,22.931,25.342
2008,7,9,0.54882,27.54,22.858,25.199
2008,7,10,5.5289,27.689,23.349,25.519
2008,7,11,0.0064392,28.877,23.69,26.283
2008,7,12,0.12881,29.824,24.55,27.187
2008,7,13,0.72268,30.53,24.535,27.532
2008,7,14,1.0111,30.063,24.52,27.292
2008,7,15,1.5099,29.668,24.729,27.198
2008,7,16,1.1695,29.391,24.441,26.916
2008,7,17,8.3843,30.435,23.955,27.195
2008,7,18,0.018839,29.805,24.031,26.918
2008,7,19,0.53092,29.931,24.052,26.991
2008,7,20,0.61561,29.081,23.805,26.443
2008,7,21,2.0679,29.117,24.176,26.646
2008,7,22,7.0996,29.295,24.093,26.694
2008,7,23,0.50429,28.768,24.053,26.411
2008,7,24,18.258,28.112,23.614,25.863
2008,7,25,2.2354,28.684,23.584,26.134
2008,7,26,6.7306,27.716,23.628,25.672
2008,7,27,24.257,26.474,22.27,24.372
2008,7,28,46.1,26.642,22.929,24.786
2008,7,29,52.839,27.069,23.316,25.192
2008,7,30,16.739,27.283,23.317,25.3
2008,7,31,38.329,28.052,23.558,25.805
2008,8,1,0.69852,28.116,23.539,25.827
2008,8,2,1.3377,28.417,24.132,26.274
2008,8,3,32.486,27.051,23.153,25.102
2008,8,4,61.479,27.659,23.408,25.534
2008,8,5,31.975,27.512,23.644,25.578
2008,8,6,12.969,27.777,23.95,25.863
2008,8,7,30.383,26.181,23.693,24.937
2008,8,8,63.924,26.325,22.982,24.654
2008,8,9,22.351,25.852,22.585,24.218
2008,8,10,79.057,26.056,22.571,24.313
2008,8,11,24.501,27.477,23.14,25.309
2008,8,12,1.7128,28.455,23.826,26.141
2008,8,13,0.092467,29.16,24.249,26.705
2008,8,14,1.1481,28.522,24.144,26.333
2008,8,15,0.72024,26.737,23.298,25.017
2008,8,16,15.309,28.487,23.704,26.095
2008,8,17,14.671,28.348,23.417,25.882
2008,8,18,4.4658,28.585,23.821,26.203
2008,8,19,46.271,27.991,23.652,25.822
2008,8,20,0.4469,27.933,23.711,25.822
2008,8,21,1.0094,28.787,23.137,25.962
2008,8,22,0.46671,28.833,23.31,26.071
2008,8,23,9.5183,30.2,23.245,26.723
2008,8,24,1.2991,30.703,23.946,27.325
2008,8,25,1.0733,29.247,23.541,26.394
2008,8,26,14.794,29.115,23.866,26.49
2008,8,27,0.47346,30,24.023,27.012
2008,8,28,0.13346,29.768,24.392,27.08
2008,8,29,1.5296,29.692,24.186,26.939
2008,8,30,0.20568,29.486,23.934,26.71
2008,8,31,7.2463,29.868,23.501,26.684
2008,9,1,3.71,29.849,24.052,26.95
2008,9,2,1.9997,30.608,24.217,27.412
2008,9,3,0.11718,30.119,24.371,27.245
2008,9,4,39.798,30.162,23.751,26.956
2008,9,5,0.63829,30.396,23.683,27.04
2008,9,6,7.8852,29.623,23.354,26.488
2008,9,7,0.34148,29.934,23.381,26.658
2008,9,8,0.20938,28.949,24.112,26.53
2008,9,9,29.574,28.562,23.673,26.117
2008,9,10,46.897,27.961,23.006,25.484
2008,9,11,12.947,27.857,23.346,25.602
2008,9,12,8.3678,27.623,22.939,25.281
2008,9,13,7.7743,28.579,23.166,25.872
2008,9,14,2.2312,30.072,23.518,26.795
2008,9,15,20.775,29.527,23.374,26.451
2008,9,16,68.433,28.427,23.463,25.945
2008,9,17,56.414,27.17,23.371,25.271
2008,9,18,75.024,27.001,23.377,25.189
2008,9,19,0.51879,29.726,23.173,26.45
2008,9,20,0.11471,29.377,23.464,26.421
2008,9,21,12.647,29.231,23.795,26.513
2008,9,22,0.0049537,28.774,23.126,25.95
2008,9,23,0.39644,30.613,22.432,26.523
2008,9,24,0,31.179,22.969,27.074
2008,9,25,0,31.278,22.718,26.998
2008,9,26,0,31.637,22.357,26.997
2008,9,27,0,31.635,22.262,26.949
2008,9,28,0,31.391,22.354,26.873
2008,9,29,0,31.446,22.261,26.853
2008,9,30,0.024899,31.505,22.243,26.874
2008,10,1,12.158,31.608,23.035,27.322
2008,10,2,0.043124,30.897,23.219,27.058
2008,10,3,0,31.123,23.346,27.234
2008,10,4,0,30.684,23.214,26.949
2008,10,5,0.02157,30.697,23.256,26.976
2008,10,6,42.012,31.602,23.247,27.425
2008,10,7,0,31.034,22.578,26.806
2008,10,8,0,31.225,22.774,26.999
2008,10,9,0,31.783,22.299,27.041
2008,10,10,0.068206,31.752,22.235,26.993
2008,10,11,0,31.695,22.722,27.209
2008,10,12,0.66969,31.564,21.907,26.735
2008,10,13,1.2701,31.748,21.431,26.59
2008,10,14,0.10294,31.778,21.032,26.405
2008,10,15,0.70247,31.311,21.102,26.207
2008,10,16,0,31.063,21.867,26.465
2008,10,17,1.5519,30.592,21.96,26.276
2008,10,18,0.53699,31.441,21.982,26.712
2008,10,19,1.8295,30.777,20.734,25.755
2008,10,20,0,30.386,20.339,25.363
2008,10,21,0,30.325,20.114,25.22
2008,10,22,0,29.801,19.994,24.898
2008,10,23,0.083119,29.177,19.769,24.473
2008,10,24,1.3943,28.689,19.683,24.186
2008,10,25,0,28.593,19.198,23.896
2008,10,26,0,28.928,19.46,24.194
2008,10,27,0.55086,29.616,18.61,24.113
2008,10,28,0,29.837,17.952,23.894
2008,10,29,0,29.748,16.917,23.333
2008,10,30,0,29.772,17.455,23.613
2008,10,31,0,29.781,17.046,23.413
2008,11,1,0.058525,30.913,17.528,24.221
2008,11,2,0.023409,30.146,16.87,23.508
2008,11,3,0.25563,29.624,16.891,23.257
2008,11,4,0.12359,29.683,16.275,22.979
2008,11,5,0,30.01,16.149,23.079
2008,11,6,0,29.548,16.219,22.884
2008,11,7,0,29.335,16.211,22.773
2008,11,8,0,29.421,17.006,23.213
2008,11,9,0,29.378,17.561,23.469
2008,11,10,0.0033821,29.18,17.419,23.3
2008,11,11,0,28.965,17.399,23.182
2008,11,12,0,28.612,17.007,22.81
2008,11,13,0,28.068,17.147,22.608
2008,11,14,0,27.591,17.622,22.607
2008,11,15,0,25.617,17.411,21.514
2008,11,16,0,26.463,18.426,22.445
2008,11,17,5.0088e-05,28.072,19.357,23.715
2008,11,18,0,29.825,20.705,25.265
2008,11,19,0,29.798,20.47,25.134
2008,11,20,0.34212,29.784,20.612,25.198
2008,11,21,0,29.464,20.133,24.799
2008,11,22,0,28.908,19.003,23.956
2008,11,23,0,28.242,17.864,23.053
2008,11,24,0,28.062,17.04,22.551
2008,11,25,0,27.704,14.388,21.046
2008,11,26,0,27.409,13.624,20.516
2008,11,27,0,26.825,14.619,20.722
2008,11,28,0,25.839,15.947,20.893
2008,11,29,0,26.974,17.031,22.003
2008,11,30,0,27.83,16.941,22.385
2008,12,1,0.025196,28.276,16.601,22.438
2008,12,2,0,28.073,16.466,22.27
2008,12,3,0,28.064,16.225,22.145
2008,12,4,0,28.359,16.023,22.191
2008,12,5,0,28.101,15.188,21.645
2008,12,6,0,27.364,14.56,20.962
2008,12,7,0,28.252,14.373,21.312
2008,12,8,0,27.927,14.614,21.271
2008,12,9,0,28.487,15.241,21.864
2008,12,10,0,27.791,15.437,21.614
2008,12,11,0,28.776,16.382,22.579
2008,12,12,0,28.965,16.382,22.674
2008,12,13,0,28.455,16.974,22.714
2008,12,14,0,28.855,16.226,22.54
2008,12,15,0,28.251,15.407,21.829
2008,12,16,0,27.927,14.785,21.356
2008,12,17,0,27.677,14.437,21.057
2008,12,18,0,27.606,13.353,20.479
2008,12,19,0,27.713,13.527,20.62
2008,12,20,0,27.558,13.87,20.714
2008,12,21,0,28.091,14.815,21.453
2008,12,22,0,27.746,14.918,21.332
2008,12,23,0,27.04,15.528,21.284
2008,12,24,0,26.848,15.274,21.061
2008,12,25,0,26.329,14.009,20.169
2008,12,26,0,26.783,13.392,20.087
2008,12,27,0,27.784,13.024,20.404
2008,12,28,0,27.679,12.523,20.101
2008,12,29,0,27.71,12.384,20.047
2008,12,30,0,27.424,12.731,20.077
2008,12,31,0,27.111,13.138,20.125
2009,1,1,0,26.615,13.676,20.146
2009,1,2,0,26.713,13.624,20.169
2009,1,3,0,26.485,13.654,20.069
2009,1,4,0.12702,26.797,13.464,20.13
2009,1,5,0.12702,27.432,14.465,20.948
2009,1,6,0,27.034,15.067,21.051
2009,1,7,0.28787,26.751,15.327,21.039
2009,1,8,0,27.105,14.936,21.02
2009,1,9,0.17438,26.625,14.953,20.789
2009,1,10,0,27.023,15.255,21.139
2009,1,11,0,26.77,14.938,20.854
2009,1,12,0,27.175,14.873,21.024
2009,1,13,0,27.735,15.898,21.817
2009,1,14,0,27.188,14.834,21.011
2009,1,15,0,27.6,14.93,21.265
2009,1,16,0,27.439,14.105,20.772
2009,1,17,0,28.263,13.991,21.127
2009,1,18,0,28.508,13.867,21.188
2009,1,19,0,28.243,14.173,21.208
2009,1,20,0,28.447,14.252,21.349
2009,1,21,0,28.199,13.911,21.055
2009,1,22,0,28.283,13.153,20.718
2009,1,23,0,29.129,13.357,21.243
2009,1,24,0,30.068,13.985,22.026
2009,1,25,0,30.747,14.054,22.401
2009,1,26,0,31.127,15.003,23.065
2009,1,27,0,31.069,15.581,23.325
2009,1,28,0,31.091,16.135,23.613
2009,1,29,0,30.704,15.77,23.237
2009,1,30,0,30.382,16.381,23.382
2009,1,31,0,30.447,16.78,23.614
2009,2,1,0,30.182,17.293,23.737
2009,2,2,0,29.757,16.236,22.996
2009,2,3,0,30.711,15.992,23.352
2009,2,4,0,30.751,16.987,23.869
2009,2,5,0,30.614,17.217,23.916
2009,2,6,0,30.94,17.397,24.168
2009,2,7,0,30.829,17.158,23.994
2009,2,8,0,30.442,17.186,23.814
2009,2,9,0,30.977,16.162,23.569
2009,2,10,0,30.791,15.93,23.36
2009,2,11,0,29.936,16.753,23.345
2009,2,12,0,30.039,16.658,23.348
2009,2,13,0,30.588,15.23,22.909
2009,2,14,0,31.332,15.862,23.597
2009,2,15,0,31.535,16.677,24.106
2009,2,16,0,31.144,16.645,23.895
2009,2,17,0,31.24,17.4,24.32
2009,2,18,0,31.345,16.656,24
2009,2,19,0,31.761,17.096,24.428
2009,2,20,0,32.132,17.886,25.009
2009,2,21,0,32.596,17.525,25.061
2009,2,22,0,32.894,17.316,25.105
2009,2,23,0,33.389,17.848,25.619
2009,2,24,0.083126,34.201,19.945,27.073
2009,2,25,0.083126,34.367,18.821,26.594
2009,2,26,0,34.675,18.429,26.552
2009,2,27,0,35.098,19,27.049
2009,2,28,0,35.193,19.145,27.169
2009,3,1,0,33.845,18.1,25.972
2009,3,2,0,34.464,17.687,26.076
2009,3,3,0,34.955,18.639,26.797
2009,3,4,0,35.235,18.817,27.026
2009,3,5,0.093978,35.685,19.789,27.737
2009,3,6,0,35.762,19.1,27.431
2009,3,7,8.2062e-07,35.944,19.745,27.844
2009,3,8,0,35.133,20.339,27.736
2009,3,9,0,33.557,19.754,26.655
2009,3,10,1.9209,31.797,21.583,26.69
2009,3,11,0,34.392,20.037,27.214
2009,3,12,0,34.673,19.101,26.887
2009,3,13,0,33.913,17.953,25.933
2009,3,14,0,33.485,18.463,25.974
2009,3,15,0,32.039,19.238,25.639
2009,3,16,1.1199e-05,32.988,19.098,26.043
2009,3,17,0,33.72,18.638,26.179
2009,3,18,0,34.436,19.411,26.924
2009,3,19,0,35.245,19.495,27.37
2009,3,20,0,34.777,21.178,27.978
2009,3,21,0.50652,33.521,20.763,27.142
2009,3,22,2.3448,34.201,19.815,27.008
2009,3,23,0,34.609,19.937,27.273
2009,3,24,0,34.313,20.639,27.476
2009,3,25,0,34.511,20.448,27.479
2009,3,26,3.0364,34.684,19.612,27.148
2009,3,27,0,35.439,20.131,27.785
2009,3,28,0,36.144,20.649,28.396
2009,3,29,0,36.527,22.303,29.415
2009,3,30,0,36.235,23.66,29.947
2009,3,31,0,36.688,23.185,29.937
2009,4,1,0,37.096,22.138,29.617
2009,4,2,0,36.482,22.229,29.355
2009,4,3,0,37.554,23.141,30.348
2009,4,4,0,37.774,23.552,30.663
2009,4,5,0,38.025,23.797,30.911
2009,4,6,0,37.041,23.285,30.163
2009,4,7,0,36.857,22.961,29.909
2009,4,8,1.1163,33.131,23.207,28.169
2009,4,9,0.50425,34.447,21.65,28.048
2009,4,10,0.016461,35.332,21.935,28.633
2009,4,11,0,36.776,22.707,29.742
2009,4,12,0.088964,36.914,22.17,29.542
2009,4,13,0.85397,36.953,22.446,29.699
2009,4,14,0,38.226,22.951,30.589
2009,4,15,0.15348,38.103,23.447,30.775
2009,4,16,2.232,38.408,24.919,31.664
2009,4,17,1.2047,38.082,25.361,31.721
2009,4,18,0,38.659,25.866,32.262
2009,4,19,0,38.328,24.731,31.529
2009,4,20,0,39.539,24.648,32.094
2009,4,21,0,39.121,26.458,32.789
2009,4,22,0,39.194,26.666,32.93
2009,4,23,0,38.659,25.59,32.125
2009,4,24,0,38.729,24.248,31.488
2009,4,25,0,39.05,25.546,32.298
2009,4,26,0,39.17,25.889,32.53
2009,4,27,0,38.732,25.653,32.193
2009,4,28,0,39.756,24.866,32.311
2009,4,29,0,40.262,25.99,33.126
2009,4,30,0.057795,40.531,26.984,33.758
2009,5,1,0,40.372,26.97,33.671
2009,5,2,0.23295,40.123,27.711,33.917
2009,5,3,0.54556,39.667,26.631,33.149
2009,5,4,0.0703,38.347,26.051,32.199
2009,5,5,0.20532,38.674,25.927,32.3
2009,5,6,0,39.682,26.95,33.316
2009,5,7,0,39.338,27.134,33.236
2009,5,8,0,39.535,26.133,32.834
2009,5,9,0,40.109,26.736,33.423
2009,5,10,0,40.187,27.287,33.737
2009,5,11,0,40.629,27.562,34.095
2009,5,12,0,40.065,27.774,33.919
2009,5,13,0,39.507,28.209,33.858
2009,5,14,0.017413,39.616,28.041,33.828
2009,5,15,0.366,39.064,26.703,32.884
2009,5,16,0.64614,38.677,27.311,32.994
2009,5,17,0.1322,39.459,27.936,33.698
2009,5,18,8.9454,36.524,26.306,31.415
2009,5,19,0.36309,39.037,27.573,33.305
2009,5,20,0.099184,36.981,27.589,32.285
2009,5,21,1.0316,37.899,26.879,32.389
2009,5,22,0.072568,37.687,26.852,32.27
2009,5,23,0,38.52,27.732,33.126
2009,5,24,1.3794,38.027,26.965,32.496
2009,5,25,0.0013849,38.069,27.861,32.965
2009,5,26,0.42615,39.368,27.432,33.4
2009,5,27,0.040171,39.99,28.172,34.081
2009,5,28,0.19371,39.636,28.162,33.899
2009,5,29,3.1027,38.926,28.714,33.82
2009,5,30,13.74,35.46,26.13,30.795
2009,5,31,0,37.473,26.498,31.985
2009,6,1,0.037775,37.553,26.864,32.208
2009,6,2,0.01902,38.036,27.438,32.737
2009,6,3,0.080145,39.386,27.439,33.413
2009,6,4,1.4531,39.12,28.54,33.83
2009,6,5,28.776,36.82,26.34,31.58
2009,6,6,0.13317,35.418,25.079,30.249
2009,6,7,10.711,35.233,25.838,30.536
2009,6,8,0,37.94,27.338,32.639
2009,6,9,0,38.833,28.877,33.855
2009,6,10,0,38.653,28.561,33.607
2009,6,11,0.032444,36.322,27.24,31.781
2009,6,12,7.3203,34.92,26.588,30.754
2009,6,13,0,36.825,27.422,32.124
2009,6,14,0,37.379,28.764,33.072
2009,6,15,0.018333,37.381,27.282,32.331
2009,6,16,0.11211,38.319,28.55,33.435
2009,6,17,0.95598,38.558,28.632,33.595
2009,6,18,0.339,37.829,28.957,33.393
2009,6,19,0.06191,36.858,28.967,32.913
2009,6,20,0.070712,36.569,28.018,32.293
2009,6,21,0.6772,36.401,28.281,32.341
2009,6,22,0.15309,37.691,29.628,33.66
2009,6,23,0.5657,37.56,28.164,32.862
2009,6,24,0.18517,36,28.219,32.109
2009,6,25,16.85,31.788,25.263,28.526
2009,6,26,1.3204,31.436,25.119,28.277
2009,6,27,0.57193,32.812,26.584,29.698
2009,6,28,12.825,30.232,24.894,27.563
2009,6,29,0.57193,32.085,24.988,28.537
2009,6,30,0.48296,31.271,25.703,28.487
2009,7,1,3.0278,29.832,24.422,27.127
2009,7,2,24.953,29.17,24.438,26.804
2009,7,3,32.89,29.428,23.736,26.582
2009,7,4,0.88221,29.334,23.913,26.624
2009,7,5,2.4164,28.569,24.159,26.364
2009,7,6,0,27.875,24.072,25.973
2009,7,7,0,27.675,23.817,25.746
2009,7,8,0.00056448,26.709,23.043,24.876
2009,7,9,0.17942,26.333,23.205,24.769
2009,7,10,2.9348,27.83,23.557,25.693
2009,7,11,0,28.443,24.261,26.352
2009,7,12,6.0416,28.451,24.241,26.346
2009,7,13,14.424,26.594,23.481,25.038
2009,7,14,54.673,26.522,23.064,24.793
2009,7,15,85.967,26.216,23.032,24.624
2009,7,16,27.04,26.681,22.637,24.659
2009,7,17,0.0072187,29.006,23.52,26.263
2009,7,18,3.424,29.001,23.779,26.39
2009,7,19,9.8915,26.692,23.316,25.004
2009,7,20,44.876,26.364,22.831,24.597
2009,7,21,38.025,26.518,22.972,24.745
2009,7,22,3.3789,26.317,22.661,24.489
2009,7,23,0,29.225,23.433,26.329
2009,7,24,0,30.539,24.199,27.369
2009,7,25,1.0449,30.918,24.661,27.79
2009,7,26,1.355,29.429,25.018,27.224
2009,7,27,85.552,27.738,23.567,25.653
2009,7,28,44.338,28.548,23.55,26.049
2009,7,29,0.10307,29.543,23.955,26.749
2009,7,30,0.55389,30.199,24.374,27.287
2009,7,31,0.064397,30.643,24.703,27.673
2009,8,1,2.8192,30.536,24.615,27.576
2009,8,2,3.0967,30.765,25.451,28.108
2009,8,3,4.0021,31.647,25.289,28.468
2009,8,4,1.4811,30.85,25.092,27.971
2009,8,5,0.39445,30.656,25.314,27.985
2009,8,6,0,31.028,25.148,28.088
2009,8,7,0,30.614,25.728,28.171
2009,8,8,0,30.985,25.532,28.258
2009,8,9,0,30.465,24.998,27.731
2009,8,10,45.478,28.918,24.895,26.906
2009,8,11,22.144,28.326,24.05,26.188
2009,8,12,3.3764,28.29,24.416,26.353
2009,8,13,0.87381,29.711,25.297,27.504
2009,8,14,0.064573,27.938,24.712,26.325
2009,8,15,1.4136,28.383,23.813,26.098
2009,8,16,2.5319,29.268,23.946,26.607
2009,8,17,0.33464,30.116,24.396,27.256
2009,8,18,10.521,30.541,24.942,27.742
2009,8,19,0.044755,29.741,24.958,27.35
2009,8,20,5.7949,26.312,22.63,24.471
2009,8,21,0.39845,28.057,22.887,25.472
2009,8,22,22.692,28.674,23.262,25.968
2009,8,23,32.594,29.504,23.719,26.612
2009,8,24,0.020098,28.667,22.708,25.687
2009,8,25,58.086,27.634,22.654,25.144
2009,8,26,84.525,26.996,22.574,24.785
2009,8,27,59.541,27.704,23.25,25.477
2009,8,28,0.11568,28.38,23.464,25.922
2009,8,29,1.8539,30.379,24.209,27.294
2009,8,30,0.90882,30.554,24.526,27.54
2009,8,31,27.542,29.743,22.813,26.278
2009,9,1,3.0928,29.819,23.629,26.724
2009,9,2,5.6715,29.841,24.003,26.922
2009,9,3,2.8844,29.626,23.586,26.606
2009,9,4,7.6245,30.181,23.719,26.95
2009,9,5,5.0819,28.559,23.606,26.083
2009,9,6,0.11541,29.134,24.1,26.617
2009,9,7,0.20721,29.615,24.03,26.822
2009,9,8,0.12287,29.591,24.134,26.862
2009,9,9,0.29989,29.595,24.205,26.9
2009,9,10,0.23464,30.232,23.896,27.064
2009,9,11,0.14757,30.623,23.847,27.235
2009,9,12,0.088958,31.786,24.64,28.213
2009,9,13,0.37521,31.868,24.19,28.029
2009,9,14,0.24491,31.929,24.546,28.237
2009,9,15,0.39263,32.11,23.832,27.971
2009,9,16,0.43715,32.406,24.228,28.317
2009,9,17,1.3769,32.175,23.354,27.765
2009,9,18,0.15277,31.572,23.721,27.646
2009,9,19,0,31.034,23.778,27.406
2009,9,20,2.7427,31.368,23.438,27.403
2009,9,21,0.051177,31.725,23.768,27.746
2009,9,22,0.19371,31.47,23.585,27.527
2009,9,23,34.965,31.124,22.99,27.057
2009,9,24,0.26927,32.698,24.008,28.353
2009,9,25,3.3755,32.3,23.611,27.955
2009,9,26,0.4243,31.819,23.389,27.604
2009,9,27,0,30.551,23.144,26.847
2009,9,28,0.57258,30.49,23.776,27.133
2009,9,29,19.756,29.181,22.814,25.997
2009,9,30,2.4325,29.766,23.452,26.609
2009,10,1,28.4,29.438,23.467,26.452
2009,10,2,3.9504,28.124,23.094,25.609
2009,10,3,0.098542,28.454,22.901,25.678
2009,10,4,1.3585e-06,28.674,23.503,26.089
2009,10,5,0.78272,29.193,23.036,26.115
2009,10,6,0.46225,28.961,23.003,25.982
2009,10,7,0,29.633,23.658,26.645
2009,10,8,1.6057,30.446,22.758,26.602
2009,10,9,0,31.385,21.299,26.342
2009,10,10,0,31.289,21.95,26.619
2009,10,11,0,30.98,21.605,26.292
2009,10,12,0,30.791,21.972,26.382
2009,10,13,0,30.725,21.419,26.072
2009,10,14,0,31.448,21.223,26.336
2009,10,15,0,30.733,21.431,26.082
2009,10,16,0,30.768,20.924,25.846
2009,10,17,4.5291e-10,30.074,20.755,25.415
2009,10,18,0,31.375,20.596,25.985
2009,10,19,0.0099648,30.832,20.437,25.635
2009,10,20,6.4097e-08,31.296,19.703,25.5
2009,10,21,0,31.069,19.123,25.096
2009,10,22,0,31.211,18.863,25.037
2009,10,23,0,30.308,17.773,24.041
2009,10,24,0,29.176,16.117,22.647
2009,10,25,0,28.646,16.261,22.454
2009,10,26,0,29.093,16.294,22.693
2009,10,27,0,28.752,15.766,22.259
2009,10,28,0.1689,29.411,16.875,23.143
2009,10,29,0,29.233,16.663,22.948
2009,10,30,0.052722,29.07,17.631,23.351
2009,10,31,0.50594,29.381,17.477,23.429
2009,11,1,0,29.758,17.344,23.551
2009,11,2,0,29.036,16.517,22.777
2009,11,3,0.15699,29.065,17.733,23.399
2009,11,4,0.34443,29.439,18.175,23.807
2009,11,5,0,29.561,19.526,24.544
2009,11,6,0.20035,28.894,19.842,24.368
2009,11,7,5.2625,29.985,20.352,25.169
2009,11,8,3.3263,29.831,20.183,25.007
2009,11,9,0.32424,28.898,21.559,25.229
2009,11,10,1.5039,28.231,20.231,24.231
2009,11,11,0.025357,28.784,19.153,23.968
2009,11,12,0,28.744,20.151,24.448
2009,11,13,0,30.276,22.271,26.274
2009,11,14,0.018456,31.453,21.951,26.702
2009,11,15,0.7642,30.765,21.9,26.332
2009,11,16,9.9573,29.581,21.662,25.621
2009,11,17,6.9618,26.243,20.115,23.179
2009,11,18,1.0073,25.805,19.116,22.46
2009,11,19,1.0746,26.795,19.039,22.917
2009,11,20,0.00011704,26.557,17.732,22.144
2009,11,21,0,26.416,16.447,21.432
2009,11,22,0,26.002,14.978,20.49
2009,11,23,0,26.369,15.222,20.795
2009,11,24,0,26.677,14.622,20.65
2009,11,25,0,26.743,13.812,20.277
2009,11,26,0,26.748,13.86,20.304
2009,11,27,0,26.773,13.508,20.141
2009,11,28,0,26.234,12.932,19.583
2009,11,29,0,25.689,12.099,18.894
2009,11,30,0,24.927,11.376,18.152
2009,12,1,0,25.8,12.063,18.932
2009,12,2,0,26.341,13.145,19.743
2009,12,3,0,26.545,13.13,19.838
2009,12,4,0,26.438,14.321,20.38
2009,12,5,0,26.425,13.92,20.172
2009,12,6,0,26.948,13.91,20.429
2009,12,7,0,27.089,14.636,20.862
2009,12,8,0,27.638,15.376,21.507
2009,12,9,0,27.217,15.576,21.397
2009,12,10,0,27.299,16.032,21.666
2009,12,11,0,27.258,16.115,21.687
2009,12,12,0,27.219,15.934,21.576
2009,12,13,0,27.282,15.356,21.319
2009,12,14,0,27.639,15.083,21.361
2009,12,15,0,27.545,15.171,21.358
2009,12,16,0,26.945,15.426,21.185
2009,12,17,0,27.147,16.776,21.962
2009,12,18,0.030159,26.575,16.491,21.533
2009,12,19,0.62848,26.928,16.447,21.688
2009,12,20,0,27.367,16.148,21.757
2009,12,21,0,26.185,15.544,20.864
2009,12,22,0,25.736,14.4,20.068
2009,12,23,0,24.86,12.64,18.75
2009,12,24,0,25.562,11.663,18.613
2009,12,25,0,25.254,11.174,18.214
2009,12,26,0,25.168,11.496,18.332
2009,12,27,0,25.548,12.131,18.839
2009,12,28,0,25.591,12.464,19.027
2009,12,29,0,24.939,13.054,18.996
2009,12,30,0,24.303,15.101,19.702
2009,12,31,0,25.457,15.391,20.424
2010,1,1,0,25.152,13.243,19.198
2010,1,2,0,24.785,11.585,18.185
2010,1,3,0,24.972,10.507,17.74
2010,1,4,0.085624,25.871,11.488,18.68
2010,1,5,0.085624,25.611,12.058,18.834
2010,1,6,0,24.315,11.63,17.973
2010,1,7,0,24.396,10.236,17.316
2010,1,8,0,25.131,11.217,18.174
2010,1,9,0,25.589,14.365,19.977
2010,1,10,0,26.332,17.388,21.86
2010,1,11,0,27.696,16.201,21.949
2010,1,12,0.018696,27.208,17.503,22.355
2010,1,13,1.2137,24.751,18.738,21.744
2010,1,14,11.149,24.8,18.482,21.641
2010,1,15,0.0011609,24.88,16.584,20.732
2010,1,16,0,25.021,14.076,19.548
2010,1,17,0,25.424,12.966,19.195
2010,1,18,0,25.544,12.56,19.052
2010,1,19,0,25.85,12.03,18.94
2010,1,20,0,25.635,11.222,18.428
2010,1,21,0,25.499,10.659,18.079
2010,1,22,0,26.044,10.043,18.044
2010,1,23,0,26.482,10.991,18.737
2010,1,24,0,26.733,11.239,18.986
2010,1,25,0,26.806,12.138,19.472
2010,1,26,0,27.201,12.794,19.997
2010,1,27,0,26.748,13.055,19.902
2010,1,28,0,26.813,13.514,20.164
2010,1,29,0,26.969,13.509,20.239
2010,1,30,0.039827,26.94,12.766,19.853
2010,1,31,0.039827,27.165,12.872,20.018
2010,2,1,0,27.623,12.774,20.198
2010,2,2,0,27.6,13.96,20.78
2010,2,3,0,27.92,15.391,21.655
2010,2,4,0,26.948,15.587,21.268
2010,2,5,0,27.366,15.175,21.271
2010,2,6,0,27.958,14.522,21.24
2010,2,7,0,28.685,13.878,21.281
2010,2,8,0,29.366,13.924,21.645
2010,2,9,0,29.539,15.288,22.413
2010,2,10,0,28.976,15.574,22.275
2010,2,11,0,29.579,15.762,22.67
2010,2,12,0,30.132,16.637,23.384
2010,2,13,0.48776,30.706,16.283,23.494
2010,2,14,0,31.348,17.552,24.45
2010,2,15,0,31.413,18.391,24.902
2010,2,16,0.20379,29.768,19.242,24.505
2010,2,17,0,30.434,19.076,24.755
2010,2,18,0.29259,30.682,17.528,24.105
2010,2,19,0.12316,30.759,17.736,24.248
2010,2,20,0,31.041,17.573,24.307
2010,2,21,0,31.212,17.768,24.49
2010,2,22,0,30.583,17.86,24.222
2010,2,23,0,31.624,18.429,25.026
2010,2,24,0.44029,31.567,19.82,25.694
2010,2,25,0.0061415,32.096,19.412,25.754
2010,2,26,0,32.243,19.462,25.852
2010,2,27,0,32.892,18.22,25.556
2010,2,28,0,33.614,17.628,25.621
2010,3,1,0,33.625,17.836,25.731
2010,3,2,0,33.987,18.982,26.485
2010,3,3,0,34.349,19.851,27.1
2010,3,4,0,33.961,20.675,27.318
2010,3,5,0,34.207,21.221,27.714
2010,3,6,0,35.192,21.22,28.206
2010,3,7,0,34.851,22.04,28.445
2010,3,8,0,34.592,21.182,27.887
2010,3,9,0.081727,34.163,21.877,28.02
2010,3,10,0.013315,34.078,22.132,28.105
2010,3,11,12.314,34.012,22.39,28.201
2010,3,12,0.76626,32.365,21.575,26.97
2010,3,13,0.11956,34.406,21.376,27.891
2010,3,14,0,35.21,21.607,28.409
2010,3,15,0,35.602,20.322,27.962
2010,3,16,0.17934,35.227,20.554,27.89
2010,3,17,0,34.832,21.473,28.153
2010,3,18,0,34.989,22.072,28.531
2010,3,19,0,36.393,21.133,28.763
2010,3,20,0,36.258,21.405,28.831
2010,3,21,0,37.595,21.35,29.473
2010,3,22,0.12112,37.916,21.497,29.706
2010,3,23,0,37.601,22.176,29.888
2010,3,24,0,36.862,22.136,29.499
2010,3,25,0,36.503,23.986,30.245
2010,3,26,0.1991,35.52,23.916,29.718
2010,3,27,0,36.14,23.625,29.882
2010,3,28,0.10378,37.02,24.258,30.639
2010,3,29,0,36.965,24.383,30.674
2010,3,30,1.3071,37.232,24.515,30.874
2010,3,31,0.074131,37.663,24.389,31.026
2010,4,1,0,37.949,23.645,30.797
2010,4,2,0,37.927,23.684,30.805
2010,4,3,0,38.301,24.249,31.275
2010,4,4,0,38.336,23.985,31.16
2010,4,5,0,38.778,24.268,31.523
2010,4,6,0,39.261,24.099,31.68
2010,4,7,0,38.867,24.315,31.591
2010,4,8,0,38.206,24.755,31.481
2010,4,9,0,38.461,24.885,31.673
2010,4,10,0,39.212,25.69,32.451
2010,4,11,0.012086,39.813,25.752,32.782
2010,4,12,0.17937,39.549,26.087,32.818
2010,4,13,0.1794,39.689,26.142,32.915
2010,4,14,0.20587,39.702,26.138,32.92
2010,4,15,0.012086,39.462,26.051,32.756
2010,4,16,0,39.287,26.247,32.767
2010,4,17,0,38.793,25.581,32.187
2010,4,18,0.03794,39.563,26.484,33.024
2010,4,19,0,39.452,27.408,33.43
2010,4,20,0.37967,39.253,26.957,33.105
2010,4,21,0,39.511,26.469,32.99
2010,4,22,0,39.481,26.535,33.008
2010,4,23,0,39.294,27.023,33.159
2010,4,24,0.16352,38.806,25.666,32.236
2010,4,25,0,39.037,25.825,32.431
2010,4,26,6.1772,38.444,25.418,31.931
2010,4,27,0.026811,39.225,26.079,32.652
2010,4,28,0,38.86,26.806,32.833
2010,4,29,2.7019,38.133,26.526,32.329
2010,4,30,0.27235,37.189,26.161,31.675
2010,5,1,0.63425,36.585,25.863,31.224
2010,5,2,0.093291,37.206,25.558,31.382
2010,5,3,0,37.785,26.229,32.007
2010,5,4,0.90511,37.003,24.432,30.718
2010,5,5,0.0016799,37.346,26.048,31.697
2010,5,6,0.18142,37.47,25.111,31.291
2010,5,7,0,38.567,26.107,32.337
2010,5,8,0.059784,38.957,26.464,32.711
2010,5,9,0,40.226,27.544,33.885
2010,5,10,0,40.982,28.333,34.658
2010,5,11,0,40.937,27.961,34.449
2010,5,12,0,40.703,27.929,34.316
2010,5,13,0,40.837,28.449,34.643
2010,5,14,31.9,40.199,28.356,34.277
2010,5,15,0,39.407,26.897,33.152
2010,5,16,0.020266,39.96,28.205,34.083
2010,5,17,0.19081,40.648,28.095,34.371
2010,5,18,0.037451,39.403,28.547,33.975
2010,5,19,0,36.111,27.807,31.959
2010,5,20,0,34.176,27.135,30.655
2010,5,21,0.0066816,30.28,24.884,27.582
2010,5,22,65.166,32.484,24.822,28.653
2010,5,23,0.23591,35.821,25.76,30.791
2010,5,24,0,39.925,26.264,33.095
2010,5,25,0,40.021,28.413,34.217
2010,5,26,0,41.481,30.176,35.828
2010,5,27,0.49778,40.824,29.555,35.19
2010,5,28,0.14228,40.132,27.765,33.948
2010,5,29,2.6097,40.091,27.37,33.73
2010,5,30,0.12186,39.606,28.335,33.971
2010,5,31,0.34579,39.773,27.826,33.799
2010,6,1,0.31282,40.884,28.858,34.871
2010,6,2,0,40.033,29.371,34.702
2010,6,3,0,39.55,29.356,34.453
2010,6,4,0,38.557,29.34,33.949
2010,6,5,0.13125,38.352,27.696,33.024
2010,6,6,0,39.417,28.018,33.717
2010,6,7,2.6632,39.433,28.83,34.131
2010,6,8,0.5464,38.614,28.262,33.438
2010,6,9,2.7141,37.095,27.398,32.247
2010,6,10,0.30744,37.011,26.874,31.943
2010,6,11,0.1138,36.558,27.487,32.022
2010,6,12,0.36376,35.572,27.132,31.352
2010,6,13,0.25285,35.02,27.069,31.045
2010,6,14,1.8822,32.791,24.953,28.872
2010,6,15,0.080632,33.655,26.403,30.029
2010,6,16,0.53585,32.536,25.563,29.049
2010,6,17,0.6824,31.472,25.019,28.245
2010,6,18,2.7429,31.203,25.25,28.227
2010,6,19,5.5053,30.842,25.168,28.005
2010,6,20,38.657,28.398,23.551,25.974
2010,6,21,0.71799,30.662,24.778,27.72
2010,6,22,0,32.27,25.683,28.976
2010,6,23,0.051261,33.532,26.467,29.999
2010,6,24,1.1332,29.421,24.073,26.747
2010,6,25,0.64346,30.591,24.684,27.638
2010,6,26,20.886,31.221,24.474,27.847
2010,6,27,0.61902,31.316,25.502,28.409
2010,6,28,7.91,32.434,26.072,29.253
2010,6,29,2.5387,32.687,24.751,28.719
2010,6,30,2.0099,31.715,24.873,28.294
2010,7,1,22.118,29.999,24.475,27.237
2010,7,2,2.2117,29.664,25.424,27.544
2010,7,3,7.1053,28.914,24.105,26.51
2010,7,4,2.9046,29.697,23.967,26.832
2010,7,5,7.6398,29.239,24.917,27.078
2010,7,6,27.38,28.81,23.551,26.18
2010,7,7,17.113,27.64,24.124,25.882
2010,7,8,7.1615,28.8,23.758,26.279
2010,7,9,0.058024,29.49,24.345,26.917
2010,7,10,0.16502,31.332,25.163,28.248
2010,7,11,1.1604,29.191,24.86,27.025
2010,7,12,23.558,28.425,23.355,25.89
2010,7,13,8.8668,30.298,24.019,27.159
2010,7,14,61.608,30.3,25.002,27.651
2010,7,15,33.709,30.109,25.081,27.595
2010,7,16,0.27581,30.245,25.38,27.812
2010,7,17,1.3288,31.245,24.996,28.12
2010,7,18,0.065487,31.703,25.531,28.617
2010,7,19,13.763,32.012,25.588,28.8
2010,7,20,1.0404,31.732,25.588,28.66
2010,7,21,10.251,30.053,24.604,27.329
2010,7,22,6.2496,30.822,25.166,27.994
2010,7,23,3.618,30.684,25.284,27.984
2010,7,24,7.6433,27.912,23.944,25.928
2010,7,25,69.289,26.236,22.875,24.555
2010,7,26,59.7,28.136,23.367,25.752
2010,7,27,2.8216,29.296,23.995,26.645
2010,7,28,3.7512,29.674,24.651,27.163
2010,7,29,3.765,30.065,24.405,27.235
2010,7,30,6.4815,29.342,24.712,27.027
2010,7,31,0.061947,28.79,24.327,26.558
2010,8,1,1.3049,29.029,23.907,26.468
2010,8,2,2.4626,27.608,23.64,25.624
2010,8,3,0.58337,27.494,23.73,25.612
2010,8,4,12.727,26.817,23.315,25.066
2010,8,5,111.04,25.895,22.55,24.222
2010,8,6,110.81,26.33,22.69,24.51
2010,8,7,2.4021,26.15,22.873,24.511
2010,8,8,0,27.985,22.775,25.38
2010,8,9,0,29.258,23.341,26.299
2010,8,10,0.78468,30.655,24.608,27.631
2010,8,11,0.97165,30.707,25.173,27.94
2010,8,12,3.7106,29.983,24.422,27.202
2010,8,13,1.3323,29.437,23.724,26.58
2010,8,14,7.4167e-06,29.334,24.469,26.902
2010,8,15,3.2628,28.641,23.792,26.217
2010,8,16,11.284,29.831,24.159,26.995
2010,8,17,10.39,29.285,23.923,26.604
2010,8,18,0.86247,29.52,24.744,27.132
2010,8,19,0.79626,29.738,24.72,27.229
2010,8,20,2.8383,28.139,23.77,25.955
2010,8,21,17.104,30.26,23.58,26.92
2010,8,22,5.0652,30.365,23.943,27.154
2010,8,23,1.6642,31.025,24.491,27.758
2010,8,24,0.10795,30.793,24.111,27.452
2010,8,25,59.747,29.872,23.302,26.587
2010,8,26,0.93946,29.298,23.623,26.461
2010,8,27,2.566,28.316,23.302,25.809
2010,8,28,0.64809,28.95,23.738,26.344
2010,8,29,0.39972,27.858,24.305,26.082
2010,8,30,49.32,27.454,22.89,25.172
2010,8,31,13.709,28.328,22.505,25.417
2010,9,1,0.65804,29.283,23.329,26.306
2010,9,2,0.18068,29.417,24.16,26.788
2010,9,3,28.752,29.054,24.398,26.726
2010,9,4,3.7557,27.829,22.835,25.332
2010,9,5,2.8285,27.806,23.039,25.423
2010,9,6,64.668,27.974,23.723,25.849
2010,9,7,48.069,26.471,22.993,24.732
2010,9,8,80.313,27.52,22.495,25.007
2010,9,9,0.83254,29.2,23.547,26.374
2010,9,10,0.084322,29.877,23.591,26.734
2010,9,11,5.1003,29.698,23.787,26.742
2010,9,12,0.94485,29.599,23.501,26.55
2010,9,13,0.15209,29.704,23.294,26.499
2010,9,14,1.3562,29.811,23.823,26.817
2010,9,15,15.913,29.022,22.352,25.687
2010,9,16,9.0132,28.836,22.54,25.688
2010,9,17,4.9185,28.318,22.444,25.381
2010,9,18,91.326,27.517,22.098,24.807
2010,9,19,3.1263,29.006,22.322,25.664
2010,9,20,0.32119,29.901,22.668,26.284
2010,9,21,0.72716,30.55,23.197,26.874
2010,9,22,0.34868,30.669,23.342,27.006
2010,9,23,1.5643,31.115,23.202,27.159
2010,9,24,0.027517,31.32,23.102,27.211
2010,9,25,0,31.267,22.866,27.067
2010,9,26,1.0322,31.265,22.724,26.994
2010,9,27,0.086562,31.022,22.894,26.958
2010,9,28,0,31.195,23.239,27.217
2010,9,29,1.1184,30.973,22.572,26.773
2010,9,30,0.049894,30.447,21.288,25.868
2010,10,1,0.016139,29.847,21.621,25.734
2010,10,2,0.4752,30.333,22.639,26.486
2010,10,3,0.19726,30.7,22.524,26.612
2010,10,4,0.31241,30.875,22.662,26.769
2010,10,5,0.96236,29.657,22.76,26.208
2010,10,6,2.1328,29.041,21.474,25.257
2010,10,7,0.19693,27.913,22.194,25.053
2010,10,8,0.16217,30.309,22.377,26.343
2010,10,9,0.01293,30.758,22.543,26.65
2010,10,10,0,31.554,22.316,26.935
2010,10,11,0.0073573,30.973,22.166,26.569
2010,10,12,0,31.14,21.708,26.424
2010,10,13,0,30.941,20.508,25.725
2010,10,14,0,30.241,20.21,25.225
2010,10,15,0,26.403,20.826,23.615
2010,10,16,137.26,26.703,20.577,23.64
2010,10,17,7.3278,28.226,21.544,24.885
2010,10,18,1.9966,28.033,21.522,24.777
2010,10,19,8.9504,29.859,21.468,25.663
2010,10,20,5.103,30.571,22.056,26.313
2010,10,21,1.927,30.989,22.368,26.679
2010,10,22,11.4,29.478,22.237,25.858
2010,10,23,2.2021,29.051,22.127,25.589
2010,10,24,0.25972,29.119,21.652,25.385
2010,10,25,4.4659,28.417,20.738,24.577
2010,10,26,0,28.684,20.245,24.465
2010,10,27,0,29.059,19.287,24.173
2010,10,28,0,28.917,18.564,23.741
2010,10,29,0,27.622,18.097,22.86
2010,10,30,0,25.603,19.372,22.487
2010,10,31,0,23.916,19.6,21.758
2010,11,1,7.9299,23.132,17.577,20.354
2010,11,2,0.074667,24.521,18.002,21.261
2010,11,3,0.15632,27.717,19.533,23.625
2010,11,4,0.18862,28.701,20.115,24.408
2010,11,5,0,28.774,18.767,23.771
2010,11,6,0,27.724,17.638,22.681
2010,11,7,0,26.552,18.423,22.488
2010,11,8,0,26.913,20.598,23.755
2010,11,9,19.624,28.263,20.247,24.255
2010,11,10,8.5597e-07,29.543,20.626,25.085
2010,11,11,0.21118,29.842,20.643,25.243
2010,11,12,0.35721,28.729,20.851,24.79
2010,11,13,14.735,28.91,20.051,24.48
2010,11,14,0,29.475,20.277,24.876
2010,11,15,0,29.146,19.886,24.516
2010,11,16,0,28.98,19.234,24.107
2010,11,17,0,28.663,19.115,23.889
2010,11,18,0,29.253,20.499,24.876
2010,11,19,0.91191,29.385,19.731,24.558
2010,11,20,0,29.214,20.241,24.728
2010,11,21,0.10818,28.839,19.867,24.353
2010,11,22,0,28.422,18.695,23.558
2010,11,23,0,28.538,18.377,23.457
2010,11,24,0,29.277,18.955,24.116
2010,11,25,1.2643e-07,29.251,18.474,23.862
2010,11,26,0,29.358,18.177,23.767
2010,11,27,0,29.304,18.801,24.053
2010,11,28,0,29.288,18.863,24.075
2010,11,29,0,29.005,18.53,23.768
2010,11,30,0.0090753,28.294,18.357,23.326
2010,12,1,0,27.899,18.011,22.955
2010,12,2,0,27.111,17.611,22.361
2010,12,3,0,26.718,16.672,21.695
2010,12,4,0.083788,26.792,16.221,21.507
2010,12,5,0.35712,23.762,15.588,19.675
2010,12,6,0.053097,20.696,14.787,17.741
2010,12,7,44.818,21.171,15.494,18.332
2010,12,8,52.461,23.003,17.197,20.1
2010,12,9,3.7631,23.257,18.13,20.694
2010,12,10,15.987,25.942,18.438,22.19
2010,12,11,0,26.88,17.467,22.173
2010,12,12,0,26.336,17.818,22.077
2010,12,13,0,25.611,16.723,21.167
2010,12,14,0,25.671,15.322,20.497
2010,12,15,0,24.182,13.739,18.96
2010,12,16,0,24.017,12.034,18.025
2010,12,17,0,24.036,10.92,17.478
2010,12,18,0,24.273,10.553,17.413
2010,12,19,0,24.698,10.357,17.528
2010,12,20,0,23.991,9.8264,16.909
2010,12,21,0,23.855,9.5617,16.708
2010,12,22,0,24.497,9.4932,16.995
2010,12,23,0,25.314,10.493,17.904
2010,12,24,0,26.158,11.652,18.905
2010,12,25,0,26.082,12.227,19.154
2010,12,26,0,25.477,12.056,18.767
2010,12,27,0,25.049,12.24,18.644
2010,12,28,0,25.143,12.298,18.721
2010,12,29,0,24.777,11.586,18.181
2010,12,30,0,25.847,12.497,19.172
2010,12,31,0,25.839,13.222,19.531
2011,1,1,0,24.633,14.2,19.416
2011,1,2,0,24.37,12.919,18.645
2011,1,3,0,24.422,13.176,18.799
2011,1,4,0,23.726,11.31,17.518
2011,1,5,0,23.296,9.9654,16.631
2011,1,6,0,22.842,9.0165,15.929
2011,1,7,0,23.214,7.9299,15.572
2011,1,8,0,24.372,8.5149,16.444
2011,1,9,0,24.827,10.209,17.518
2011,1,10,0,24.38,10.388,17.384
2011,1,11,0,23.926,9.2589,16.593
2011,1,12,0,25.361,9.0672,17.214
2011,1,13,0,26.34,10.062,18.201
2011,1,14,0,26.909,10.585,18.747
2011,1,15,0,27.53,11.756,19.643
2011,1,16,0,26.048,12.569,19.309
2011,1,17,0,25.772,11.024,18.398
2011,1,18,0,27.12,10.675,18.898
2011,1,19,0,27.281,12.29,19.785
2011,1,20,0,25.913,12.479,19.196
2011,1,21,0,25.617,11.904,18.76
2011,1,22,0,26.584,11.174,18.879
2011,1,23,0,27.469,11.361,19.415
2011,1,24,0,28.073,12.246,20.16
2011,1,25,0.24156,28.576,12.963,20.769
2011,1,26,0.16853,28.551,14.174,21.363
2011,1,27,0,28.349,14.291,21.32
2011,1,28,2.0186,28.405,14.11,21.257
2011,1,29,0,28.786,15.003,21.895
2011,1,30,0,28.674,15.688,22.181
2011,1,31,0,28.565,15.533,22.049
2011,2,1,0,28.212,14.581,21.396
2011,2,2,0,27.854,14.262,21.058
2011,2,3,0.03965,28.053,13.748,20.9
2011,2,4,0.14421,28.549,13.118,20.834
2011,2,5,0.064942,28.245,13.464,20.854
2011,2,6,0,28.87,13.166,21.018
2011,2,7,0,29.327,13.421,21.374
2011,2,8,0.0051222,29.677,14.082,21.88
2011,2,9,0,29.811,14.576,22.193
2011,2,10,0,30.482,14.631,22.556
2011,2,11,0,30.148,14.621,22.385
2011,2,12,0.45281,30.668,15.007,22.838
2011,2,13,0,31.296,15.135,23.215
2011,2,14,0,31.348,15.861,23.605
2011,2,15,0,30.793,16.293,23.543
2011,2,16,0,29.603,16.198,22.9
2011,2,17,0,29.524,16.874,23.199
2011,2,18,0,29.328,17.148,23.238
2011,2,19,0,28.192,18.13,23.161
2011,2,20,0.052257,27.257,17.909,22.583
2011,2,21,33.388,27.212,17.289,22.251
2011,2,22,0.00037359,27.852,16.239,22.045
2011,2,23,0,28.739,15.864,22.301
2011,2,24,0.013523,29.341,16.414,22.878
2011,2,25,0,29.506,17.769,23.637
2011,2,26,0.011606,29.447,17.95,23.698
2011,2,27,0,30.27,17.524,23.897
2011,2,28,0,30.447,16.717,23.582
2011,3,1,0,30.617,16.849,23.733
2011,3,2,0,31.1,17.459,24.279
2011,3,3,0,32.171,18.346,25.259
2011,3,4,0,32.948,19.06,26.004
2011,3,5,0,33.55,19.252,26.401
2011,3,6,0,34.387,19.511,26.949
2011,3,7,0,34.533,20.131,27.332
2011,3,8,0,34.97,19.66,27.315
2011,3,9,0,34.739,19.431,27.085
2011,3,10,0,33.959,20.545,27.252
2011,3,11,0.0048697,33.194,20.295,26.745
2011,3,12,0,32.61,18.997,25.803
2011,3,13,0,32.628,18.684,25.656
2011,3,14,0,33.225,18.098,25.662
2011,3,15,0,33.769,18.494,26.131
2011,3,16,0,33.823,18.554,26.189
2011,3,17,0,34.027,18.772,26.399
2011,3,18,0,34.696,20.026,27.361
2011,3,19,0,35.318,20.886,28.102
2011,3,20,0,35.362,21.398,28.38
2011,3,21,0,35.351,21.373,28.362
2011,3,22,0,35.945,21.108,28.526
2011,3,23,0,35.369,21.582,28.476
2011,3,24,0.071761,33.565,23.034,28.299
2011,3,25,2.186,32.751,21.8,27.276
2011,3,26,0,33.728,21.417,27.572
2011,3,27,0.035958,35.206,20.482,27.844
2011,3,28,0,35.983,19.751,27.867
2011,3,29,0.19652,35.973,21.348,28.66
2011,3,30,0,35.863,21.657,28.76
2011,3,31,1.0904,35.741,21.736,28.738
2011,4,1,0.82132,36.01,21.872,28.941
2011,4,2,0,35.963,22.176,29.069
2011,4,3,0,35.987,22.987,29.487
2011,4,4,0,35.618,23.942,29.78
2011,4,5,0,33.956,22.855,28.406
2011,4,6,10.421,33.868,21.75,27.809
2011,4,7,0.33815,34.411,22.126,28.269
2011,4,8,0,34.232,22.114,28.173
2011,4,9,0,33.939,22.234,28.086
2011,4,10,0.014595,34.286,21.854,28.07
2011,4,11,0,35.374,22.573,28.973
2011,4,12,0,36.224,23.049,29.636
2011,4,13,0,36.195,23.515,29.855
2011,4,14,0,34.399,23.325,28.862
2011,4,15,0,35.14,23.53,29.335
2011,4,16,0,35.408,23.407,29.408
2011,4,17,9.3395,35.965,23.73,29.847
2011,4,18,11.436,36.572,24.702,30.637
2011,4,19,1.3939,36.139,24.565,30.352
2011,4,20,54.288,33.513,22.369,27.941
2011,4,21,19.992,34.653,23.863,29.258
2011,4,22,8.1526,30.009,21.471,25.74
2011,4,23,0,33.518,21.587,27.552
2011,4,24,0,34.308,22.805,28.557
2011,4,25,0.2164,34.339,22.9,28.619
2011,4,26,0,34.779,23.212,28.995
2011,4,27,0.1106,34.361,22.951,28.656
2011,4,28,0.18786,34.815,22.946,28.88
2011,4,29,0,35.48,24.122,29.801
2011,4,30,0.75861,36.06,24.541,30.301
2011,5,1,0.21276,35.736,25.192,30.464
2011,5,2,0,37.055,25.033,31.044
2011,5,3,4.2123,37.686,25.255,31.471
2011,5,4,0,38.554,24.971,31.762
2011,5,5,0,38.088,25.693,31.891
2011,5,6,0,38.155,25.998,32.076
2011,5,7,0,37.511,26.111,31.811
2011,5,8,0.0013055,38.448,25.321,31.885
2011,5,9,0.00052222,38.776,25.8,32.288
2011,5,10,0,38.712,26.515,32.613
2011,5,11,0.24419,39.271,26.854,33.063
2011,5,12,0,39.345,26.48,32.912
2011,5,13,0,38.695,26.501,32.598
2011,5,14,0.00075378,38.772,26.844,32.808
2011,5,15,0.11333,38.328,26.725,32.526
2011,5,16,0.48441,38.394,26.539,32.467
2011,5,17,0,36.805,26.214,31.51
2011,5,18,0,37.085,26.828,31.957
2011,5,19,0,38.617,27.635,33.126
2011,5,20,2.3751,34.424,25.513,29.969
2011,5,21,0,37.614,25.41,31.512
2011,5,22,0,37.499,27.055,32.277
2011,5,23,0,38.211,26.553,32.382
2011,5,24,0,38.545,26.835,32.69
2011,5,25,1.2763,38.736,27.617,33.177
2011,5,26,0.71426,37.364,26.354,31.859
2011,5,27,0.75278,37.563,26.498,32.031
2011,5,28,1.9927,37.278,25.487,31.382
2011,5,29,0.25181,38.613,26.976,32.794
2011,5,30,0.77182,38.472,26.819,32.646
2011,5,31,1.0896,38.321,26.856,32.589
2011,6,1,0.030097,37.379,26.034,31.706
2011,6,2,0.075642,37.072,26.889,31.98
2011,6,3,0,36.68,26.407,31.543
2011,6,4,2.8535,35.645,26.217,30.931
2011,6,5,3.85,36.36,26.283,31.322
2011,6,6,1.1233,35.697,25.549,30.623
2011,6,7,11.592,34.758,25.365,30.061
2011,6,8,0.7055,34.395,25.239,29.817
2011,6,9,2.6409,34.876,25.83,30.353
2011,6,10,0.18548,35.014,26.155,30.584
2011,6,11,5.2183,34.982,25.652,30.317
2011,6,12,0.020469,36.229,26.837,31.533
2011,6,13,9.7485,34.315,26.22,30.267
2011,6,14,40.743,32.795,24.589,28.692
2011,6,15,0.032803,32.663,24.722,28.692
2011,6,16,1.7084,31.374,24.443,27.909
2011,6,17,4.24,31.696,24.644,28.17
2011,6,18,3.9888,31.854,25.269,28.562
2011,6,19,3.7472,31.983,25.561,28.772
2011,6,20,4.1446,29.991,24.411,27.201
2011,6,21,4.7381,29.846,23.949,26.898
2011,6,22,8.4134,30.766,24.87,27.818
2011,6,23,0,32.346,25.391,28.868
2011,6,24,0.97669,31.848,25.495,28.671
2011,6,25,1.8294,28.985,24.781,26.883
2011,6,26,0.14555,26.535,22.935,24.735
2011,6,27,7.0421,27.901,23.06,25.48
2011,6,28,1.7506,28.267,23.483,25.875
2011,6,29,1.4379,29.757,23.421,26.589
2011,6,30,0.018988,31.035,24.227,27.631
2011,7,1,0.14664,31.811,24.749,28.28
2011,7,2,0.28784,31.548,24.892,28.22
2011,7,3,25.52,30.682,23.775,27.229
2011,7,4,2.5537,29.729,23.18,26.455
2011,7,5,18.627,26.709,22.117,24.413
2011,7,6,15.575,27.308,22.27,24.789
2011,7,7,21.825,27.681,22.528,25.105
2011,7,8,0.49639,28.712,23.094,25.903
2011,7,9,0.24185,29.914,23.707,26.81
2011,7,10,0.085289,30.524,24.321,27.422
2011,7,11,0.042402,30.075,24.715,27.395
2011,7,12,2.341,29.171,24.447,26.809
2011,7,13,17.626,28.142,23.506,25.824
2011,7,14,8.1205,28.676,23.564,26.12
2011,7,15,0.58741,28.494,24.197,26.345
2011,7,16,0.47441,28.409,23.858,26.134
2011,7,17,1.0618,28.876,24.052,26.464
2011,7,18,3.225,28.803,23.742,26.273
2011,7,19,4.2264,29.096,23.803,26.45
2011,7,20,3.2269,26.979,23.883,25.431
2011,7,21,35.859,26.352,22.957,24.655
2011,7,22,20.363,27.399,22.774,25.087
2011,7,23,4.5683,27.71,22.3,25.005
2011,7,24,2.5106,28.601,22.873,25.737
2011,7,25,3.183,29.499,23.539,26.519
2011,7,26,0.80894,29.239,23.774,26.507
2011,7,27,0.73578,30.328,24.024,27.176
2011,7,28,23.957,30.602,24.214,27.408
2011,7,29,4.8961,30.526,24.434,27.48
2011,7,30,31.407,30.418,23.871,27.145
2011,7,31,24.537,30.613,24.128,27.37
2011,8,1,1.1197,30.184,24.342,27.263
2011,8,2,0.50876,29.839,24.587,27.213
2011,8,3,27.367,27.162,23.253,25.208
2011,8,4,44.656,27.707,23.248,25.478
2011,8,5,1.1233,28.301,23.82,26.06
2011,8,6,0.98052,27.886,23.529,25.707
2011,8,7,0.21493,28.213,23.999,26.106
2011,8,8,14.96,28.393,23.549,25.971
2011,8,9,1.7216,28.06,23.109,25.585
2011,8,10,1.3904,29.126,23.606,26.366
2011,8,11,1.7256,28.827,23.926,26.377
2011,8,12,4.418,28.004,23.673,25.839
2011,8,13,15.643,27.044,22.545,24.795
2011,8,14,0.23229,28.016,22.943,25.479
2011,8,15,20.206,29.512,23.675,26.594
2011,8,16,0.26266,28.923,23.621,26.272
2011,8,17,2.1291,28.939,23.446,26.192
2011,8,18,16.137,27.837,23.328,25.583
2011,8,19,41.346,27.973,22.651,25.312
2011,8,20,7.9038,28.042,22.949,25.496
2011,8,21,1.3722,29.392,23.203,26.298
2011,8,22,2.1225,29.067,23.434,26.251
2011,8,23,10.323,29.837,23.659,26.748
2011,8,24,1.3441,28.654,22.809,25.731
2011,8,25,1.6538,27.982,22.423,25.203
2011,8,26,10.688,27.433,22.732,25.082
2011,8,27,25.825,26.656,22.116,24.386
2011,8,28,9.5118,28.164,22.674,25.419
2011,8,29,4.6666,27.526,22.877,25.201
2011,8,30,66.566,27.064,22.697,24.881
2011,8,31,24.293,27.498,22.504,25.001
2011,9,1,71.949,27.031,22.732,24.881
2011,9,2,51.217,28.316,22.794,25.555
2011,9,3,20.059,28.55,22.82,25.685
2011,9,4,0.67249,27.901,23.052,25.476
2011,9,5,25.032,28.559,23.195,25.877
2011,9,6,23.235,27.349,23.191,25.27
2011,9,7,32.671,27.348,22.877,25.113
2011,9,8,2.3835,28.077,22.499,25.288
2011,9,9,1.2782,27.495,22.68,25.088
2011,9,10,0.82964,28.711,22.892,25.802
2011,9,11,0.83268,29.626,22.895,26.261
2011,9,12,0.25066,30.326,23.458,26.892
2011,9,13,2.7923,29.217,23.304,26.261
2011,9,14,17.124,29.118,22.799,25.958
2011,9,15,2.8152,29.061,23.317,26.189
2011,9,16,79.982,29.022,23.106,26.064
2011,9,17,4.1952,29.81,23.027,26.419
2011,9,18,13.613,29.986,23.353,26.67
2011,9,19,3.2079,29.722,23.041,26.382
2011,9,20,3.225,29.729,22.704,26.217
2011,9,21,43.218,29.6,22.466,26.033
2011,9,22,1.431,29.593,22.827,26.21
2011,9,23,0.27336,29.687,22.753,26.22
2011,9,24,3.0295,29.941,22.551,26.246
2011,9,25,0,31.148,22.519,26.834
2011,9,26,0,31.679,22.508,27.093
2011,9,27,0,31.359,22.856,27.107
2011,9,28,0.17147,31.748,22.453,27.101
2011,9,29,0,31.797,22.241,27.019
2011,9,30,0,31.743,21.613,26.678
2011,10,1,0,31.725,21.317,26.521
2011,10,2,0,31.853,20.982,26.418
2011,10,3,0,31.777,21.463,26.62
2011,10,4,0.05634,30.733,21.134,25.934
2011,10,5,0.0054456,31.243,21.278,26.261
2011,10,6,0.30807,31.433,21.814,26.624
2011,10,7,3.0493,31.439,22.229,26.834
2011,10,8,0.02356,31.262,22.131,26.697
2011,10,9,3.8113,31.472,22.4,26.936
2011,10,10,0.030259,31.532,22.544,27.038
2011,10,11,0.037217,31.158,22.469,26.813
2011,10,12,0.096676,30.793,22.469,26.631
2011,10,13,0.14518,31.977,22.631,27.304
2011,10,14,0.56332,32.191,22.661,27.426
2011,10,15,0,31.884,21.692,26.788
2011,10,16,0,31.787,21.181,26.484
2011,10,17,0,31.445,21.016,26.23
2011,10,18,0,31.09,20.417,25.754
2011,10,19,0,30.412,19.069,24.741
2011,10,20,0,30.565,20.208,25.387
2011,10,21,0,30.749,20.518,25.634
2011,10,22,0,30.496,20.026,25.261
2011,10,23,0,30.214,19.494,24.854
2011,10,24,0,29.86,19.39,24.625
2011,10,25,0.073166,29.605,18.618,24.111
2011,10,26,0.65341,29.651,19.06,24.356
2011,10,27,0,29.518,17.976,23.747
2011,10,28,0,29.407,18.199,23.803
2011,10,29,0,28.928,17.496,23.212
2011,10,30,0,28.995,17.119,23.057
2011,10,31,0,29.032,17.14,23.086
2011,11,1,0,29.153,17.999,23.576
2011,11,2,0,28.901,17.732,23.316
2011,11,3,0,29.189,17.541,23.365
2011,11,4,0,29.327,16.724,23.025
2011,11,5,0,29.81,16.039,22.925
2011,11,6,0,30.445,16.082,23.263
2011,11,7,0,30.77,15.832,23.301
2011,11,8,0,29.697,16.446,23.071
2011,11,9,0,28.989,15.8,22.394
2011,11,10,0,29.083,15.425,22.254
2011,11,11,0,29.119,16.019,22.569
2011,11,12,0,29.396,17.126,23.261
2011,11,13,0,29.295,17.604,23.449
2011,11,14,0.010682,29.016,18.315,23.666
2011,11,15,0.0060119,28.648,17.149,22.899
2011,11,16,0.63939,28.631,15.801,22.216
2011,11,17,0.057343,28.713,14.802,21.757
2011,11,18,0,29.155,14.448,21.802
2011,11,19,0,29.427,14.673,22.05
2011,11,20,0,28.889,14.873,21.881
2011,11,21,6.9432e-06,27.951,14.908,21.429
2011,11,22,0,27.368,15.222,21.295
2011,11,23,0,27.159,15.258,21.209
2011,11,24,0,27.761,15.762,21.762
2011,11,25,0,28.374,15.642,22.008
2011,11,26,0,28.88,16.69,22.785
2011,11,27,0.023284,28.92,17.42,23.17
2011,11,28,0,28.535,16.762,22.648
2011,11,29,0.082336,28.408,16.707,22.557
2011,11,30,0,27.422,15.298,21.36
2011,12,1,0,27.251,14.401,20.826
2011,12,2,0,26.797,14.559,20.678
2011,12,3,0,26.914,14.721,20.818
2011,12,4,0,28.293,14.928,21.611
2011,12,5,0,28.546,15.473,22.009
2011,12,6,0,28.246,15.308,21.777
2011,12,7,0.033898,27.637,14.09,20.864
2011,12,8,0,27.969,13.569,20.769
2011,12,9,0,27.968,14.037,21.002
2011,12,10,0,28.186,14.618,21.402
2011,12,11,0,27.59,14.909,21.25
2011,12,12,0,27.284,14.929,21.107
2011,12,13,0,26.391,14.149,20.27
2011,12,14,0,26.302,13.038,19.67
2011,12,15,0,26.13,12.54,19.335
2011,12,16,0,26.046,12.594,19.32
2011,12,17,0,26.442,12.254,19.348
2011,12,18,0.00079201,26.566,12.338,19.452
2011,12,19,0,26.199,12.32,19.26
2011,12,20,0.00094731,25.732,11.839,18.785
2011,12,21,0.10005,25.709,11.364,18.536
2011,12,22,0,25.73,10.062,17.896
2011,12,23,0.00080756,25.636,10.672,18.154
2011,12,24,0.00055906,25.751,11.58,18.666
2011,12,25,0,25.32,10.463,17.891
2011,12,26,0,25.321,10.271,17.796
2011,12,27,0,25.582,10.627,18.105
2011,12,28,0,25.83,11.883,18.856
2011,12,29,0.00065944,26.877,13.245,20.061
2011,12,30,0,27.901,17.076,22.488
2011,12,31,1.273,26.063,18.149,22.106
2012,1,1,10.94,24.815,17.753,21.284
2012,1,2,0.43606,26.171,16.73,21.45
2012,1,3,0,26.423,16.704,21.563
2012,1,4,0,27.694,16.572,22.133
2012,1,5,0,28.292,17.261,22.776
2012,1,6,0.0053587,28.053,17.473,22.763
2012,1,7,0.026265,27.68,16.882,22.281
2012,1,8,0.20371,27.274,16.388,21.831
2012,1,9,0.018966,25.452,16.214,20.833
2012,1,10,1.1809,23.455,14.708,19.081
2012,1,11,0.051993,23.202,13.214,18.208
2012,1,12,0,23.695,10.712,17.203
2012,1,13,0,22.979,9.2779,16.128
2012,1,14,0,22.834,7.8718,15.353
2012,1,15,0,24.494,7.6239,16.059
2012,1,16,0,26.457,9.0002,17.729
2012,1,17,0,27.291,10.677,18.984
2012,1,18,0,27.307,12.295,19.801
2012,1,19,0,26.764,12.885,19.824
2012,1,20,0,25.777,13.484,19.631
2012,1,21,0,24.522,11.99,18.256
2012,1,22,0,25.624,10.843,18.233
2012,1,23,0,26.282,12.57,19.426
2012,1,24,0,26.849,13.864,20.356
2012,1,25,0,27.221,14.503,20.862
2012,1,26,0,26.96,15.15,21.055
2012,1,27,0,26.458,15.065,20.762
2012,1,28,0,27.07,16.388,21.729
2012,1,29,0,25.499,16.11,20.804
2012,1,30,18.545,25.482,15.839,20.661
2012,1,31,0.0074725,26.166,15.725,20.946
2012,2,1,0,26.376,15.232,20.804
2012,2,2,0,25.926,13.635,19.78
2012,2,3,0,26.679,12.23,19.455
2012,2,4,0,27.936,11.979,19.957
2012,2,5,0,28.457,13.33,20.894
2012,2,6,0,29.234,14.348,21.791
2012,2,7,0,29.446,14.336,21.891
2012,2,8,0,28.408,14.866,21.637
2012,2,9,0,26.864,13.589,20.227
2012,2,10,0,26.719,12.375,19.547
2012,2,11,0,27.133,12.849,19.991
2012,2,12,0,28.089,13.222,20.656
2012,2,13,0,29.864,17.18,23.522
2012,2,14,0,30.553,18.161,24.357
2012,2,15,0,30.496,18.468,24.482
2012,2,16,0,29.519,17.226,23.372
2012,2,17,0,29.502,16.739,23.121
2012,2,18,0,30.231,16.978,23.604
2012,2,19,0,30.568,16.928,23.748
2012,2,20,0,30.947,15.974,23.46
2012,2,21,0,32.492,15.866,24.179
2012,2,22,0,33.179,16.255,24.717
2012,2,23,0,33.344,16.673,25.008
2012,2,24,0,33.854,16.555,25.204
2012,2,25,0.083126,33.746,16.968,25.357
2012,2,26,0.083126,33.502,17.059,25.281
2012,2,27,0,33.92,16.746,25.333
2012,2,28,0,33.957,17.02,25.489
2012,2,29,0,32.781,18.011,25.396
2012,3,1,0,33.113,16.762,24.938
2012,3,2,0,32.217,17.004,24.611
2012,3,3,0,32.255,17.706,24.981
2012,3,4,0,32.755,17.03,24.893
2012,3,5,0,33.786,17.609,25.698
2012,3,6,0,34.72,18.77,26.745
2012,3,7,0.53863,33.849,18.736,26.292
2012,3,8,0,33.056,17.845,25.451
2012,3,9,0,32.77,17.821,25.296
2012,3,10,4.7456,31.871,16.499,24.185
2012,3,11,0,32.386,17.629,25.008
2012,3,12,0,33.367,20.292,26.83
2012,3,13,0,33.246,20.287,26.767
2012,3,14,0,32.991,19.186,26.089
2012,3,15,0,33.63,17.85,25.74
2012,3,16,0,34.48,18.264,26.372
2012,3,17,0,35.279,18.335,26.807
2012,3,18,0,35.831,19.638,27.735
2012,3,19,0,36.485,19.891,28.188
2012,3,20,0.053209,36.459,20.53,28.494
2012,3,21,0,36.814,21.005,28.909
2012,3,22,0,36.424,21.339,28.881
2012,3,23,0,35.993,19.369,27.681
2012,3,24,0.052241,36.019,18.314,27.166
2012,3,25,6.3968,35.965,19.159,27.562
2012,3,26,0.096016,36.352,19.822,28.087
2012,3,27,1.2644,36.308,20.56,28.434
2012,3,28,0,36.442,21.155,28.798
2012,3,29,0,37.085,21.391,29.238
2012,3,30,7.8583,36.601,22.492,29.546
2012,3,31,0.098606,35.996,22.497,29.247
2012,4,1,0.29586,36.05,21.482,28.766
2012,4,2,0.0073592,36.54,21.985,29.263
2012,4,3,0,37.374,23.178,30.276
2012,4,4,0.011922,37.765,23.509,30.637
2012,4,5,0.0074929,37.008,24.084,30.546
2012,4,6,0.16449,36.226,22.022,29.124
2012,4,7,0.3933,36.179,23.257,29.718
2012,4,8,0.26963,36.837,23.661,30.249
2012,4,9,0.049906,37.059,23.669,30.364
2012,4,10,0.071702,37.131,24.66,30.896
2012,4,11,0,37.227,25.019,31.123
2012,4,12,0,36.486,23.508,29.997
2012,4,13,0,36.183,25.109,30.646
2012,4,14,0,36.11,23.444,29.777
2012,4,15,0,36.641,23.822,30.231
2012,4,16,0,37.524,24.674,31.099
2012,4,17,0,37.929,24.789,31.359
2012,4,18,0,38.406,25.205,31.805
2012,4,19,0,38.278,25.75,32.014
2012,4,20,0,38.616,25.834,32.225
2012,4,21,0,37.56,25.838,31.699
2012,4,22,3.5401,37.768,25.598,31.683
2012,4,23,0.25925,35.382,23.728,29.555
2012,4,24,0,37.737,24.874,31.306
2012,4,25,0.095866,37.133,25.31,31.221
2012,4,26,0,36.738,25.94,31.339
2012,4,27,4.0102,36.304,24.299,30.301
2012,4,28,0,37.148,26.175,31.661
2012,4,29,0.031137,37.139,25.527,31.333
2012,4,30,10.354,37.095,24.688,30.891
2012,5,1,0.032994,37.424,24.946,31.185
2012,5,2,0,38.641,25.718,32.18
2012,5,3,0.47826,38.473,24.797,31.635
2012,5,4,0.23273,38.07,24.78,31.425
2012,5,5,7.1876,35.927,23.854,29.891
2012,5,6,0,37.441,25.162,31.301
2012,5,7,19.705,38.453,23.728,31.091
2012,5,8,0,37.724,25.813,31.768
2012,5,9,0,38.499,26.034,32.266
2012,5,10,0.26813,36.419,24.876,30.647
2012,5,11,0,37.928,25.422,31.675
2012,5,12,0,37.117,26.644,31.88
2012,5,13,6.2272,37.448,25.553,31.5
2012,5,14,0,38.637,26.411,32.524
2012,5,15,0,38.937,26.594,32.765
2012,5,16,0.058124,39.451,26.373,32.912
2012,5,17,0.37838,40.265,26.293,33.279
2012,5,18,0,40.54,27.072,33.806
2012,5,19,0.18654,40.369,27.386,33.877
2012,5,20,0.15005,39.942,27.373,33.658
2012,5,21,0.029465,40.098,27.487,33.793
2012,5,22,0.0072534,39.936,27.966,33.951
2012,5,23,0.089306,40.747,28.086,34.416
2012,5,24,0.0026567,41.145,27.698,34.422
2012,5,25,0.23027,41.926,28.611,35.269
2012,5,26,0,41.373,29.182,35.278
2012,5,27,0,41.331,29.492,35.412
2012,5,28,0.041294,41.112,28.809,34.961
2012,5,29,1.213,41.127,28.678,34.903
2012,5,30,0,41.108,29.521,35.314
2012,5,31,0,41.686,29.569,35.628
2012,6,1,0,41.824,30.008,35.916
2012,6,2,0,41.894,29.894,35.894
2012,6,3,0,40.967,30.021,35.494
2012,6,4,1.2585,40.437,29.084,34.761
2012,6,5,0.014628,40.64,28.927,34.783
2012,6,6,0.2332,39.886,28.983,34.435
2012,6,7,4.036,38.499,28.172,33.335
2012,6,8,0,39.186,27.939,33.562
2012,6,9,2.6017,38.978,28.484,33.731
2012,6,10,0.7328,35.197,25.797,30.497
2012,6,11,0.20188,35.127,26.514,30.821
2012,6,12,0.074695,37.235,27.564,32.4
2012,6,13,6.0388,35.032,27.159,31.096
2012,6,14,0.15885,35.42,27.491,31.455
2012,6,15,0,36.363,27.926,32.144
2012,6,16,0.40899,33.829,26.308,30.069
2012,6,17,1.5519,31.093,24.864,27.979
2012,6,18,0.20945,30.152,24.663,27.408
2012,6,19,17.24,28.495,23.381,25.938
2012,6,20,1.8846,29.116,23.452,26.284
2012,6,21,39.53,26.848,23.226,25.037
2012,6,22,43.78,26.92,22.759,24.84
2012,6,23,0,29.932,24.035,26.984
2012,6,24,1.2283,31.216,25.257,28.236
2012,6,25,0.069387,31.926,25.482,28.704
2012,6,26,3.3465,29.54,24.131,26.835
2012,6,27,3.0376,31.633,24.567,28.1
2012,6,28,0.77586,32.564,26.048,29.306
2012,6,29,3.4364,33.618,25.468,29.543
2012,6,30,0.92469,33.624,25.598,29.611
2012,7,1,14.275,28.505,23.535,26.02
2012,7,2,8.7254,29.347,23.558,26.453
2012,7,3,23.574,27.92,23.496,25.708
2012,7,4,1.821,29.828,24.037,26.933
2012,7,5,0.62288,31.216,25.228,28.222
2012,7,6,24.352,27.335,23.317,25.326
2012,7,7,1.1025,26.804,22.904,24.854
2012,7,8,2.6099,27.329,22.707,25.018
2012,7,9,2.6833,27.404,22.919,25.162
2012,7,10,1.9969,28.812,23.415,26.114
2012,7,11,0.049683,30.156,24.318,27.237
2012,7,12,0.98695,31.103,24.796,27.949
2012,7,13,4.0885,30.361,24.669,27.515
2012,7,14,4.3613,29.14,23.779,26.459
2012,7,15,10.701,28.109,23.884,25.997
2012,7,16,2.9705,28.538,23.47,26.004
2012,7,17,0.15492,29.075,23.809,26.442
2012,7,18,0.2108,29.02,23.523,26.271
2012,7,19,43.441,26.768,23.15,24.959
2012,7,20,20.065,26.196,22.854,24.525
2012,7,21,45.759,26.233,22.98,24.607
2012,7,22,41.406,26.222,22.805,24.513
2012,7,23,0.55164,26.866,22.694,24.78
2012,7,24,6.4868,26.19,22.7,24.445
2012,7,25,11.35,26.83,23.002,24.916
2012,7,26,28.853,25.341,22.586,23.964
2012,7,27,27.747,25.983,22.456,24.22
2012,7,28,0.43838,26.625,22.742,24.683
2012,7,29,1.2585,26.321,22.297,24.309
2012,7,30,28.342,24.673,21.751,23.212
2012,7,31,22.605,24.598,21.587,23.092
2012,8,1,8.9979,26.103,22.042,24.073
2012,8,2,6.2351,26.283,22.73,24.507
2012,8,3,48.974,24.997,22.212,23.604
2012,8,4,42.868,24.91,22.07,23.49
2012,8,5,68.183,24.688,21.978,23.333
2012,8,6,49.785,25.71,22.265,23.987
2012,8,7,19.949,27.931,23.24,25.586
2012,8,8,0.50401,28.851,23.605,26.228
2012,8,9,22.592,27.787,22.821,25.304
2012,8,10,3.8511,26.781,23.07,24.925
2012,8,11,16.431,27.48,23.131,25.305
2012,8,12,1.0311,28.264,23.127,25.696
2012,8,13,0.69017,28.616,23.522,26.069
2012,8,14,2.4746,28.173,23.357,25.765
2012,8,15,0.040133,28.061,23.086,25.573
2012,8,16,0.16426,28.657,23.634,26.146
2012,8,17,2.1338,28.23,23.724,25.977
2012,8,18,77.581,26.407,23.184,24.795
2012,8,19,49.13,27.304,22.825,25.064
2012,8,20,3.6332,28.435,23.154,25.795
2012,8,21,4.5202,28.004,23.439,25.722
2012,8,22,7.314,28.415,23.102,25.759
2012,8,23,0.24295,30.098,23.133,26.616
2012,8,24,0.24297,29.83,22.938,26.384
2012,8,25,2.5586,29.492,23.043,26.268
2012,8,26,6.5629,27.086,22.663,24.875
2012,8,27,8.6952,28.611,22.963,25.787
2012,8,28,0.68921,29.638,23.498,26.568
2012,8,29,0.59848,29.365,23.675,26.52
2012,8,30,2.5301,28.77,22.834,25.802
2012,8,31,5.5154,28.795,22.655,25.725
2012,9,1,0.11834,29.946,23.725,26.836
2012,9,2,0.15027,29.311,23.962,26.637
2012,9,3,2.8221,27.576,22.79,25.183
2012,9,4,43.821,26.416,22.631,24.523
2012,9,5,39.908,27.687,22.638,25.162
2012,9,6,0.99914,27.942,23.09,25.516
2012,9,7,0.017728,29.116,23.297,26.206
2012,9,8,0,30.129,23.618,26.873
2012,9,9,36.011,28.543,23.137,25.84
2012,9,10,59.519,28.126,22.729,25.427
2012,9,11,1.6232,27.448,22.927,25.187
2012,9,12,9.3332,27.975,22.759,25.367
2012,9,13,0.46034,28.437,23.113,25.775
2012,9,14,0.76165,29.034,23.354,26.194
2012,9,15,0,29.352,23.492,26.422
2012,9,16,0,28.964,22.94,25.952
2012,9,17,0.023193,29.856,23.222,26.539
2012,9,18,0.027738,29.574,23.144,26.359
2012,9,19,3.1649,29.972,22.934,26.453
2012,9,20,0.027539,30.227,23.637,26.932
2012,9,21,2.1452,29.217,22.451,25.834
2012,9,22,7.0643,29.723,22.828,26.276
2012,9,23,11.189,29.503,22.677,26.09
2012,9,24,0,30.421,23.237,26.829
2012,9,25,0.33174,30.385,22.304,26.345
2012,9,26,0.54138,30.746,21.993,26.37
2012,9,27,0,30.555,22.284,26.42
2012,9,28,1.6496,30.308,22.642,26.475
2012,9,29,4.5885e-06,30.571,22.544,26.558
2012,9,30,0.44602,30.423,22.673,26.548
2012,10,1,1.1466,29.896,22.864,26.38
2012,10,2,0.67391,28.433,22.64,25.537
2012,10,3,2.0411,28.199,22.245,25.222
2012,10,4,7.6195,28.35,22.253,25.302
2012,10,5,1.6653,30.551,22.155,26.353
2012,10,6,0,30.842,21.942,26.392
2012,10,7,0.2803,31.052,21.168,26.11
2012,10,8,0.091768,30.549,20.457,25.503
2012,10,9,0,29.947,21.106,25.526
2012,10,10,0,30.256,21.545,25.901
2012,10,11,46.67,29.695,21.212,25.454
2012,10,12,0,29.671,20.686,25.178
2012,10,13,0,29.754,20.463,25.109
2012,10,14,0,30.441,19.848,25.145
2012,10,15,0,30.387,19.678,25.032
2012,10,16,0,30.441,19.512,24.976
2012,10,17,0,30.281,19.385,24.833
2012,10,18,0,30.16,19.452,24.806
2012,10,19,0,29.353,19.068,24.211
2012,10,20,0,29.231,19.35,24.291
2012,10,21,0,28.865,19.822,24.344
2012,10,22,0,29.54,20.165,24.853
2012,10,23,0,29.403,19.709,24.556
2012,10,24,0,29.438,19.659,24.549
2012,10,25,0,29.765,18.898,24.331
2012,10,26,0,29.682,18.853,24.268
2012,10,27,0,29.517,19.227,24.372
2012,10,28,0,29.002,19.016,24.009
2012,10,29,0,28.192,17.276,22.734
2012,10,30,0,27.871,16.618,22.244
2012,10,31,0,28.171,16.594,22.383
2012,11,1,0,26.865,18.512,22.688
2012,11,2,31.517,25.338,19.421,22.379
2012,11,3,17.276,24.831,20.229,22.53
2012,11,4,22.571,25.761,19.838,22.799
2012,11,5,0,27.319,19.59,23.455
2012,11,6,3.9233,28.039,19.373,23.706
2012,11,7,25.286,28.543,19.143,23.843
2012,11,8,0,27.818,17.828,22.823
2012,11,9,0,27.503,16.036,21.77
2012,11,10,0,26.908,15.191,21.049
2012,11,11,0,26.649,14.806,20.727
2012,11,12,0.11176,26.473,14.585,20.529
2012,11,13,0,26.923,14.415,20.669
2012,11,14,0.28717,26.72,14.305,20.512
2012,11,15,0,25.837,13.428,19.632
2012,11,16,0,25.864,13.629,19.746
2012,11,17,0.41126,25.694,12.989,19.341
2012,11,18,0.69671,26.447,14.94,20.693
2012,11,19,0,26.909,16.061,21.485
2012,11,20,0,27.18,17.579,22.38
2012,11,21,0,28.178,18.247,23.212
2012,11,22,0,28.282,18.015,23.149
2012,11,23,0,28.501,18.408,23.455
2012,11,24,0,28.513,18.097,23.305
2012,11,25,0,28.353,17.586,22.97
2012,11,26,0,28.009,17.563,22.786
2012,11,27,0,27.575,16.931,22.253
2012,11,28,0,27.531,16.033,21.782
2012,11,29,0,27.522,15.874,21.698
2012,11,30,0,27.44,15.697,21.569
2012,12,1,6.8898e-06,27.08,15.252,21.166
2012,12,2,0,26.853,14.028,20.441
2012,12,3,0,26.621,13.79,20.206
2012,12,4,0,26.58,13.809,20.194
2012,12,5,0,27.309,15.502,21.405
2012,12,6,0,28.334,15.759,22.047
2012,12,7,0,28.21,14.955,21.583
2012,12,8,0,28.954,14.836,21.895
2012,12,9,0,29.457,16.248,22.852
2012,12,10,0,29.189,16.675,22.932
2012,12,11,0,28.95,17.285,23.117
2012,12,12,0,28.45,17.044,22.747
2012,12,13,0,28.289,17.265,22.777
2012,12,14,0,28.743,17.848,23.296
2012,12,15,0,28.24,17.509,22.875
2012,12,16,0,27.552,16.181,21.866
2012,12,17,0,27.549,16.184,21.867
2012,12,18,0,26.975,14.261,20.618
2012,12,19,0,26.41,13.076,19.743
2012,12,20,0,26.345,12.823,19.584
2012,12,21,0,25.993,12.432,19.213
2012,12,22,0,25.79,12.355,19.073
2012,12,23,0.20641,25.121,11.582,18.352
2012,12,24,0,25.174,10.719,17.947
2012,12,25,0,25.363,11.598,18.481
2012,12,26,0,24.875,10.843,17.859
2012,12,27,0,24.834,10.491,17.662
2012,12,28,0,25.143,10.245,17.694
2012,12,29,0,26.234,11.515,18.875
2012,12,30,0,26.604,13.409,20.006
2012,12,31,0,26.836,14.392,20.614
2013,1,1,0,27.614,16.137,21.876
2013,1,2,0.027849,28.026,17.167,22.596
2013,1,3,0.15449,27.37,16.692,22.031
2013,1,4,0,27.352,15.184,21.268
2013,1,5,0.0034026,27.715,15.532,21.623
2013,1,6,0,26.658,16.769,21.714
2013,1,7,0,25.904,16.225,21.064
2013,1,8,0,25.093,14.092,19.592
2013,1,9,0,25.05,12.729,18.889
2013,1,10,0.029854,25.74,11.545,18.643
2013,1,11,0,25.542,11.594,18.568
2013,1,12,0.016105,26.318,11.251,18.784
2013,1,13,0.81545,27.336,11.864,19.6
2013,1,14,0.0025876,28.025,12.794,20.409
2013,1,15,0,28.645,13.59,21.118
2013,1,16,0,28.55,14.634,21.592
2013,1,17,0,28.937,15.642,22.29
2013,1,18,0,28.363,15.151,21.757
2013,1,19,0,27.2,14.701,20.951
2013,1,20,0,26.581,14.399,20.49
2013,1,21,0,26.023,13.628,19.826
2013,1,22,0,26.407,13.519,19.963
2013,1,23,0,26.487,13.952,20.219
2013,1,24,0,25.987,14.334,20.16
2013,1,25,0,26.617,14.448,20.532
2013,1,26,0,26.36,14.421,20.39
2013,1,27,0,26.136,14.604,20.37
2013,1,28,0,26.382,14.754,20.568
2013,1,29,0,26.507,13.858,20.183
2013,1,30,0,26.76,12.97,19.865
2013,1,31,0,26.704,12.485,19.594
2013,2,1,0,27.581,13.46,20.521
2013,2,2,0,27.522,13.616,20.569
2013,2,3,0,28.35,14.429,21.389
2013,2,4,0,28.892,15.383,22.138
2013,2,5,0.031774,29.091,16.96,23.026
2013,2,6,0,29.566,15.912,22.739
2013,2,7,0,28.824,16.702,22.763
2013,2,8,0.20331,26.462,17.062,21.762
2013,2,9,0.0012167,28.328,16.67,22.499
2013,2,10,0,29.286,16.295,22.791
2013,2,11,0,29.707,16.188,22.947
2013,2,12,0,29.502,17.525,23.514
2013,2,13,0,30.37,17.867,24.118
2013,2,14,0,30.6,17.295,23.948
2013,2,15,0,29.207,17.672,23.439
2013,2,16,0.55416,25.013,18.42,21.717
2013,2,17,9.5931,25.99,17.501,21.745
2013,2,18,0.61931,26.298,14.802,20.55
2013,2,19,0,27.76,14.31,21.035
2013,2,20,1.6547e-06,28.906,15.141,22.023
2013,2,21,0,29.027,15.911,22.469
2013,2,22,0,29.585,15.7,22.642
2013,2,23,0,30.744,16.608,23.676
2013,2,24,0.080852,30.88,18.246,24.563
2013,2,25,0,30.775,17.901,24.338
2013,2,26,0,31.193,17.249,24.221
2013,2,27,0,32.089,16.668,24.378
2013,2,28,0,32.766,16.626,24.696
2013,3,1,0,31.805,17.528,24.666
2013,3,2,0,31.636,15.883,23.759
2013,3,3,0,31.892,14.403,23.147
2013,3,4,0,31.901,14.473,23.187
2013,3,5,0,32.046,15.321,23.683
2013,3,6,0,32.86,16.509,24.685
2013,3,7,0,32.931,16.792,24.862
2013,3,8,0,32.988,16.699,24.844
2013,3,9,0,33.621,17.345,25.483
2013,3,10,0,33.787,17.837,25.812
2013,3,11,0.01002,34.093,19.014,26.553
2013,3,12,0.1619,34.385,19.914,27.149
2013,3,13,0,34.493,20.113,27.303
2013,3,14,0,33.037,20.941,26.989
2013,3,15,0,32.258,20.994,26.626
2013,3,16,0.0020308,32.722,19.223,25.972
2013,3,17,0.0013539,30.997,19.111,25.054
2013,3,18,0.08219,32.76,19.054,25.907
2013,3,19,0,33.461,20.03,26.746
2013,3,20,0,34.043,20.618,27.33
2013,3,21,0,34.969,20.833,27.901
2013,3,22,0,35.474,21.493,28.483
2013,3,23,0,35.662,22.115,28.888
2013,3,24,0,34.865,22.58,28.723
2013,3,25,0,35.87,22.4,29.135
2013,3,26,0,36.444,22.461,29.452
2013,3,27,0,36.561,23.084,29.823
2013,3,28,0.095823,36.797,23.743,30.27
2013,3,29,0.063161,35.829,22.423,29.126
2013,3,30,0,36.051,22.141,29.096
2013,3,31,0,36.464,22.568,29.516
2013,4,1,0,36.695,22.814,29.755
2013,4,2,0.012888,35.814,21.95,28.882
2013,4,3,0.012474,35.227,21.996,28.611
2013,4,4,0,36.546,23.003,29.774
2013,4,5,0,36.939,22.209,29.574
2013,4,6,0,37.07,21.73,29.4
2013,4,7,0,37.363,21.85,29.606
2013,4,8,0,37.547,22.648,30.098
2013,4,9,0,37.552,23.963,30.757
2013,4,10,0,37.754,24.746,31.25
2013,4,11,0,37.651,25.08,31.365
2013,4,12,0,37.58,24.55,31.065
2013,4,13,0,37.572,24.446,31.009
2013,4,14,3.097,34.925,22.757,28.841
2013,4,15,0.069129,36.588,23.345,29.967
2013,4,16,0.33424,38.002,25.185,31.593
2013,4,17,0,38.141,24.245,31.193
2013,4,18,0,37.805,24.282,31.043
2013,4,19,0.54829,36.604,24.088,30.346
2013,4,20,24.037,31.112,20.585,25.849
2013,4,21,19.302,30.879,20.197,25.538
2013,4,22,15.496,32.423,20.694,26.558
2013,4,23,0.10112,33.878,21.867,27.872
2013,4,24,0.010303,34.762,23.202,28.982
2013,4,25,0.0014938,35.5,24.109,29.805
2013,4,26,0.0086926,35.838,24.39,30.114
2013,4,27,0.00039083,37.099,24.456,30.778
2013,4,28,0.49824,38.995,25.872,32.434
2013,4,29,0.031975,39.361,26.404,32.883
2013,4,30,0.46133,39.345,26.828,33.087
2013,5,1,0.23538,39.094,26.373,32.733
2013,5,2,0,38.967,27.088,33.028
2013,5,3,0.042764,39.197,26.947,33.072
2013,5,4,0.012454,38.509,26.639,32.574
2013,5,5,0.050347,38.353,27.111,32.732
2013,5,6,0.60809,38.848,27.811,33.33
2013,5,7,0.20478,38.755,27.796,33.276
2013,5,8,0,40.544,28.248,34.396
2013,5,9,0,40.482,28.015,34.248
2013,5,10,0,41.189,27.752,34.47
2013,5,11,0,40.642,27.744,34.193
2013,5,12,0.039269,38.368,27.906,33.137
2013,5,13,0,38.374,26.184,32.279
2013,5,14,0.2346,37.951,27.071,32.511
2013,5,15,0,37.288,25.898,31.593
2013,5,16,0,39.679,26.865,33.272
2013,5,17,0.041567,40.695,27.694,34.194
2013,5,18,0.32454,40.902,28.283,34.592
2013,5,19,0.052123,41.167,28.184,34.676
2013,5,20,1.3598,41.275,28.177,34.726
2013,5,21,7.8251,41.098,28.765,34.931
2013,5,22,0.038424,41.97,29.488,35.729
2013,5,23,0,42.487,28.602,35.545
2013,5,24,0,42.321,27.781,35.051
2013,5,25,0,42.346,28.975,35.66
2013,5,26,0,41.002,29.94,35.471
2013,5,27,0.67385,38.156,27.002,32.579
2013,5,28,0.77367,38.49,26.363,32.426
2013,5,29,17.43,37.185,27.27,32.228
2013,5,30,0,37.675,27.6,32.638
2013,5,31,23.285,37.534,26.508,32.021
2013,6,1,0,37.561,26.85,32.205
2013,6,2,0,36.611,26.534,31.573
2013,6,3,0,37.226,27.133,32.18
2013,6,4,0.033872,36.355,26.142,31.248
2013,6,5,0,36.573,26.396,31.485
2013,6,6,0.28402,35.616,25.008,30.312
2013,6,7,0.46605,34.645,25.417,30.031
2013,6,8,3.7047,32.569,24.087,28.328
2013,6,9,0.78295,34.037,25.32,29.679
2013,6,10,3.2567,32.484,24.26,28.372
2013,6,11,6.663,31.799,25.092,28.446
2013,6,12,8.7453,29.545,24.048,26.797
2013,6,13,84.94,28.714,23.726,26.22
2013,6,14,97.559,27.59,23.52,25.555
2013,6,15,18.339,27.927,23.55,25.739
2013,6,16,0.050213,29.573,23.795,26.684
2013,6,17,0.057847,31.954,25.07,28.512
2013,6,18,0.20481,32.575,25.788,29.181
2013,6,19,1.9306,33.201,26.075,29.638
2013,6,20,0.037265,32.421,25.159,28.79
2013,6,21,3.6979,31.222,24.709,27.965
2013,6,22,6.879,29.541,24.372,26.956
2013,6,23,1.0507,29.083,24.439,26.761
2013,6,24,36.043,27.211,23.251,25.231
2013,6,25,74.995,26.385,22.946,24.666
2013,6,26,3.4258,26.93,23.323,25.126
2013,6,27,1.0119,28.4,23.608,26.004
2013,6,28,0.92863,29.169,24.162,26.666
2013,6,29,1.1089,30.419,24.619,27.519
2013,6,30,0.3072,30.47,24.692,27.581
2013,7,1,0.2747,30.421,24.485,27.453
2013,7,2,0.98879,28.81,24.09,26.45
2013,7,3,0.097242,28.269,23.703,25.986
2013,7,4,0.18415,29.657,23.59,26.624
2013,7,5,1.0527,28.819,23.346,26.082
2013,7,6,0.494,29.634,24.097,26.866
2013,7,7,0.57479,29.862,24.106,26.984
2013,7,8,0.012516,30.498,23.844,27.171
2013,7,9,4.2155,29.997,24.118,27.058
2013,7,10,1.9863,28.846,24.041,26.444
2013,7,11,13.901,26.322,22.84,24.581
2013,7,12,63.247,27.571,22.853,25.212
2013,7,13,0.35207,27.363,22.837,25.1
2013,7,14,0.32026,26.786,23.04,24.913
2013,7,15,10.305,26.658,22.988,24.823
2013,7,16,0.98473,26.299,22.47,24.385
2013,7,17,0.0099778,26.812,22.626,24.719
2013,7,18,0.044961,27.461,23.086,25.273
2013,7,19,0.12694,27.396,22.906,25.151
2013,7,20,0.471,27.372,23.428,25.4
2013,7,21,31.428,27.883,23.62,25.752
2013,7,22,3.0917,26.092,23.087,24.589
2013,7,23,44.267,26.346,22.53,24.438
2013,7,24,6.0908,27.153,23.195,25.174
2013,7,25,4.785,26.919,23.226,25.072
2013,7,26,46.25,26.035,22.905,24.47
2013,7,27,14.913,28.093,22.943,25.518
2013,7,28,1.4798,28.245,23.461,25.853
2013,7,29,4.8857,28.173,23.518,25.846
2013,7,30,5.1511,25.814,23.153,24.483
2013,7,31,86.008,24.8,21.758,23.279
2013,8,1,5.9562,25.158,21.723,23.441
2013,8,2,2.0978,26.977,22.511,24.744
2013,8,3,0.22535,28.836,23.208,26.022
2013,8,4,1.3937,29.241,24.072,26.656
2013,8,5,50.107,27.699,23.714,25.707
2013,8,6,69.491,27.357,22.681,25.019
2013,8,7,12.285,28.079,23.64,25.86
2013,8,8,6.6508,28.445,23.964,26.205
2013,8,9,3.6825,28.769,23.313,26.041
2013,8,10,0.11683,29.51,22.926,26.218
2013,8,11,0.49568,28.754,23.445,26.099
2013,8,12,0.093561,28.168,23.164,25.666
2013,8,13,5.5139,28.864,23.11,25.987
2013,8,14,0.68716,29.211,23.734,26.472
2013,8,15,2.7859,29.75,24.105,26.927
2013,8,16,3.5054,28.951,23.886,26.418
2013,8,17,59.101,28.037,23.09,25.564
2013,8,18,4.0035,26.746,22.978,24.862
2013,8,19,18.183,26.875,22.989,24.932
2013,8,20,2.3738,27.384,22.9,25.142
2013,8,21,1.0388,26.283,22.405,24.344
2013,8,22,0.37012,26.776,22.149,24.462
2013,8,23,0.15027,27.857,22.754,25.306
2013,8,24,1.9277,29.053,22.684,25.868
2013,8,25,0.10634,29.097,23.343,26.22
2013,8,26,0.88334,28.257,23.463,25.86
2013,8,27,1.2772,27.384,23.235,25.309
2013,8,28,7.3242,25.949,22.305,24.127
2013,8,29,72.731,27.571,22.137,24.854
2013,8,30,0.31079,29.492,22.746,26.119
2013,8,31,0,31.048,23.251,27.149
2013,9,1,0,31.033,23.567,27.3
2013,9,2,1.2116,30.813,24.121,27.467
2013,9,3,0.33504,29.028,23.648,26.338
2013,9,4,9.5254,30.286,23.035,26.661
2013,9,5,0.24906,30.573,23.011,26.792
2013,9,6,2.4226,30.736,25.234,27.985
2013,9,7,2.3645,29.98,23.073,26.526
2013,9,8,1.0053,29.633,23.113,26.373
2013,9,9,0,29.8,23.278,26.539
2013,9,10,1.8283,29.763,23.421,26.592
2013,9,11,1.3918,29.942,23.244,26.593
2013,9,12,0.46671,30.723,23.341,27.032
2013,9,13,1.6192,30.731,23.689,27.21
2013,9,14,1.7899,30.394,23.485,26.94
2013,9,15,1.4841,30.444,23.351,26.898
2013,9,16,0.49451,30.309,22.989,26.649
2013,9,17,7.6175,29.849,22.904,26.377
2013,9,18,20.625,29.663,23.056,26.36
2013,9,19,1.7044,29.321,23.307,26.314
2013,9,20,12.116,27.329,22.637,24.983
2013,9,21,3.7326,26.9,22.011,24.455
2013,9,22,3.7927,27.496,21.758,24.627
2013,9,23,0,29.473,22.158,25.815
2013,9,24,0,30.556,22.204,26.38
2013,9,25,0,30.855,22.496,26.675
2013,9,26,0,31.353,22.99,27.172
2013,9,27,0.091602,31.432,22.895,27.163
2013,9,28,12.043,30.834,22.881,26.858
2013,9,29,25.368,29.824,22.447,26.136
2013,9,30,22.758,29.245,21.973,25.609
2013,10,1,73.388,27.795,22.558,25.176
2013,10,2,16.447,29.297,22.663,25.98
2013,10,3,13.101,27.955,22.133,25.044
2013,10,4,10.56,27.955,21.935,24.945
2013,10,5,0.19459,29.182,21.919,25.551
2013,10,6,0.27461,28.95,22.05,25.5
2013,10,7,0,29.769,22.645,26.207
2013,10,8,16.023,28.527,22.585,25.556
2013,10,9,28.143,29.206,22.058,25.632
2013,10,10,4.8686,28.965,21.73,25.348
2013,10,11,4.9876,28.4,21.315,24.857
2013,10,12,0,27.418,21.43,24.424
2013,10,13,0.53304,27.779,21.474,24.626
2013,10,14,0.91461,28.226,21.374,24.8
2013,10,15,1.8976,29.289,21.228,25.259
2013,10,16,0.90041,29.837,21.742,25.79
2013,10,17,0,29.769,21.341,25.555
2013,10,18,0.28835,29.795,20.823,25.309
2013,10,19,0,29.382,20.745,25.063
2013,10,20,0.15048,29.205,21.065,25.135
2013,10,21,3.082,28.28,20.825,24.552
2013,10,22,5.8898,26.554,20.358,23.456
2013,10,23,5.5633,25.33,20.766,23.048
2013,10,24,0.054066,25.258,20.722,22.99
2013,10,25,0,25.012,19.937,22.475
2013,10,26,8.6856,24.997,20.142,22.57
2013,10,27,53.108,26.176,19.927,23.051
2013,10,28,0,27.553,20.243,23.898
2013,10,29,0,28.862,19.707,24.284
2013,10,30,1.2012,28.364,18.351,23.357
2013,10,31,0.65207,28.182,17.962,23.072
2013,11,1,0,28.53,19.303,23.917
2013,11,2,0,29.008,18.774,23.891
2013,11,3,0,29.054,18.783,23.918
2013,11,4,0,28.366,17.761,23.064
2013,11,5,0,28.328,16.839,22.583
2013,11,6,0.14476,27.635,16.902,22.268
2013,11,7,0,27.55,16.646,22.098
2013,11,8,0,27.276,16.749,22.013
2013,11,9,0,27.234,16.509,21.871
2013,11,10,0,26.778,16.43,21.604
2013,11,11,0.35556,26.427,15.554,20.99
2013,11,12,1.6843,25.912,14.595,20.254
2013,11,13,0,25.487,14.193,19.84
2013,11,14,0,25.545,13.606,19.575
2013,11,15,0,24.879,13.256,19.067
2013,11,16,0,24.882,13.666,19.274
2013,11,17,0.0032503,26.051,15.827,20.939
2013,11,18,0,26.997,16.004,21.5
2013,11,19,0,27.386,15.249,21.317
2013,11,20,0,26.918,15.919,21.418
2013,11,21,0,25.801,15.241,20.521
2013,11,22,0,25.838,16.472,21.155
2013,11,23,0,27.99,18.766,23.378
2013,11,24,0.11353,28.268,18.758,23.513
2013,11,25,0.030835,28.643,18.235,23.439
2013,11,26,0,27.788,16.632,22.21
2013,11,27,0,26.423,14.836,20.63
2013,11,28,0,25.806,15.82,20.813
2013,11,29,0,27.497,17.224,22.361
2013,11,30,0,27.597,16.814,22.205
2013,12,1,0,27.961,17.03,22.496
2013,12,2,0,27.817,17.147,22.482
2013,12,3,0,27.349,15.98,21.665
2013,12,4,1.8698e-06,26.417,15.079,20.748
2013,12,5,0,25.71,14.057,19.884
2013,12,6,0,24.672,12.25,18.461
2013,12,7,0.70436,24.255,11.764,18.01
2013,12,8,0.26595,24.878,11.649,18.264
2013,12,9,0,25.008,12.184,18.596
2013,12,10,0,25.527,12.781,19.154
2013,12,11,0,26.331,13.664,19.998
2013,12,12,0,25.844,13.758,19.801
2013,12,13,0,25.58,12.285,18.932
2013,12,14,0,26.256,11.036,18.646
2013,12,15,0,25.409,10.95,18.18
2013,12,16,0,25.344,11.116,18.23
2013,12,17,0,25.473,11.226,18.35
2013,12,18,0,25.353,11.34,18.346
2013,12,19,0,25.954,11.335,18.644
2013,12,20,0,26.257,12.122,19.19
2013,12,21,0,25.628,12.554,19.091
2013,12,22,0,25.987,14.069,20.028
2013,12,23,0,25.432,13.162,19.297
2013,12,24,0,25.847,13.597,19.722
2013,12,25,0,25.804,13.381,19.593
2013,12,26,0,25.392,13.45,19.421
2013,12,27,0,25.695,13.202,19.449
2013,12,28,0,25.652,13.086,19.369
2013,12,29,0,25.47,12.873,19.172
2013,12,30,0,25.856,12.864,19.36
2013,12,31,0,25.575,13.246,19.411
2014,1,1,0.041854,25.889,13.467,19.678
2014,1,2,0,25.95,12.808,19.379
2014,1,3,0,25.91,13.03,19.47
2014,1,4,0.10205,26.398,13.153,19.775
2014,1,5,0.10205,27.05,13.14,20.095
2014,1,6,0,25.861,14.239,20.05
2014,1,7,0,26.017,14.264,20.141
2014,1,8,0,26.368,13.745,20.057
2014,1,9,0,26.254,14.489,20.371
2014,1,10,0,26.365,15.308,20.836
2014,1,11,0,26.53,15.837,21.183
2014,1,12,0,25.884,15.152,20.518
2014,1,13,0,26.01,15.153,20.582
2014,1,14,0,26.375,14.422,20.398
2014,1,15,0,26.487,14.933,20.71
2014,1,16,0,26.731,15.079,20.905
2014,1,17,0,26.862,16.116,21.489
2014,1,18,0,26.831,16.251,21.541
2014,1,19,0,26.501,15.523,21.012
2014,1,20,0,26.958,15.626,21.292
2014,1,21,0,26.931,15.441,21.186
2014,1,22,0,26.725,15.112,20.919
2014,1,23,0,25.918,15.515,20.717
2014,1,24,0,26.416,15.143,20.779
2014,1,25,0,26.944,15.058,21.001
2014,1,26,0,26.774,14.673,20.723
2014,1,27,0,26.522,14.233,20.377
2014,1,28,0,26.459,13.068,19.764
2014,1,29,0,26.248,11.995,19.121
2014,1,30,0,26.264,12.559,19.411
2014,1,31,0.007963,26.309,12.533,19.421
2014,2,1,0,26.835,12.407,19.621
2014,2,2,0,27.467,12.812,20.14
2014,2,3,0,28.525,12.412,20.469
2014,2,4,0,29.165,12.809,20.987
2014,2,5,0,29.383,14.233,21.808
2014,2,6,0,29.649,14.738,22.193
2014,2,7,0,30.349,14.93,22.64
2014,2,8,0,29.971,15.602,22.787
2014,2,9,0,30.477,15.693,23.085
2014,2,10,0,29.606,15.152,22.379
2014,2,11,0,29.124,14.74,21.932
2014,2,12,0,28.558,15.375,21.967
2014,2,13,0,28.663,16.075,22.369
2014,2,14,0,28.54,16.918,22.729
2014,2,15,0.65369,28.042,16.586,22.314
2014,2,16,0,26.052,17.008,21.53
2014,2,17,1.6736,26.245,14.871,20.558
2014,2,18,0,26.242,11.916,19.079
2014,2,19,0,28.065,11.574,19.819
2014,2,20,0.15233,29.207,13.029,21.118
2014,2,21,0.1257,29.089,15.742,22.416
2014,2,22,0,29.044,17.174,23.109
2014,2,23,0,28.724,17.436,23.08
2014,2,24,2.0561,28.707,16.881,22.794
2014,2,25,0,29.811,17.561,23.686
2014,2,26,0,29.429,17.633,23.531
2014,2,27,0.00036726,29.363,17.818,23.59
2014,2,28,0.19547,28.182,17.175,22.679
2014,3,1,0.019435,28.093,17.284,22.688
2014,3,2,5.6339,27.79,17.527,22.658
2014,3,3,0,27.804,17.065,22.435
2014,3,4,0.22791,25.814,17.218,21.516
2014,3,5,0.044312,27.243,15.469,21.356
2014,3,6,0,27.221,17.663,22.442
2014,3,7,1.9477,28.965,16.767,22.866
2014,3,8,0,28.898,17.963,23.43
2014,3,9,27.492,28.564,17.783,23.174
2014,3,10,31.122,27.295,17.089,22.192
2014,3,11,0.015382,30.037,16.964,23.5
2014,3,12,0,30.141,19.044,24.593
2014,3,13,0,30.266,18.93,24.598
2014,3,14,0,31.913,19.301,25.607
2014,3,15,0.34292,33.168,19.307,26.238
2014,3,16,0,33.355,19.711,26.533
2014,3,17,0,33.885,19.531,26.708
2014,3,18,0,34.33,20.461,27.396
2014,3,19,0,34.476,20.984,27.73
2014,3,20,0,34.233,20.218,27.225
2014,3,21,0,34.283,20.127,27.205
2014,3,22,0,34.978,20.453,27.715
2014,3,23,0.021262,34.529,20.435,27.482
2014,3,24,0.11333,34.382,20.735,27.559
2014,3,25,0,34.056,21.284,27.67
2014,3,26,0.032234,34.992,21.735,28.364
2014,3,27,0,35.836,22.209,29.022
2014,3,28,0,36.973,21.921,29.447
2014,3,29,0,37.779,22.454,30.117
2014,3,30,0,37.45,22.403,29.927
2014,3,31,0.002784,37.578,22.303,29.941
2014,4,1,0,36.945,22.193,29.569
2014,4,2,0,36.202,21.951,29.077
2014,4,3,0,36.318,22.061,29.19
2014,4,4,0,36.575,21.754,29.165
2014,4,5,0,37.45,21.706,29.578
2014,4,6,0,37.534,22.273,29.903
2014,4,7,0.55996,37.083,23.406,30.245
2014,4,8,3.6947e-07,36.618,24.562,30.59
2014,4,9,0.040661,35.15,23.427,29.288
2014,4,10,0,35.911,22.209,29.06
2014,4,11,0,36.616,22.329,29.473
2014,4,12,1.2714e-06,36.101,22.532,29.317
2014,4,13,1.1059,35.283,22.762,29.022
2014,4,14,5.4072,35.891,22.583,29.237
2014,4,15,0.11443,35.711,23.224,29.467
2014,4,16,0.24292,37.148,23.706,30.427
2014,4,17,8.8343,36.737,23.571,30.154
2014,4,18,0.40675,36.03,22.775,29.403
2014,4,19,0,36.086,22.933,29.51
2014,4,20,0.33593,35.34,22.999,29.169
2014,4,21,0.15751,36.665,23.257,29.961
2014,4,22,0,36.509,24.032,30.27
2014,4,23,0,37.591,23.825,30.708
2014,4,24,0,37.627,24.493,31.06
2014,4,25,0,38.512,25.063,31.788
2014,4,26,0,38.742,24.639,31.69
2014,4,27,0.068006,38.501,25.124,31.813
2014,4,28,0.019321,38.866,25.101,31.984
2014,4,29,0.011078,38.722,25.477,32.099
2014,4,30,14.717,38.055,25.131,31.593
2014,5,1,0.23547,38.136,24.809,31.473
2014,5,2,0.016685,37.988,24.825,31.407
2014,5,3,0,37.715,25.241,31.478
2014,5,4,0,36.693,24.615,30.654
2014,5,5,0.19015,36.168,23.344,29.756
2014,5,6,0.0010221,36.215,24.632,30.423
2014,5,7,0,37.033,24.925,30.979
2014,5,8,0,37,24.753,30.876
2014,5,9,0.34371,33.116,23.805,28.46
2014,5,10,2.9051,32.051,22.05,27.051
2014,5,11,0,36.737,23.838,30.287
2014,5,12,0,37.879,24.714,31.296
2014,5,13,0,37.985,25.084,31.534
2014,5,14,0.043314,37.556,25.528,31.542
2014,5,15,0.39499,37.255,24.406,30.83
2014,5,16,0,37.877,24.443,31.16
2014,5,17,0.39072,37.995,25.601,31.798
2014,5,18,0,38.251,26.449,32.35
2014,5,19,0.7709,38.205,25.881,32.043
2014,5,20,0.036119,38.146,25.574,31.86
2014,5,21,0,38.936,25.65,32.293
2014,5,22,0,40.24,26.815,33.528
2014,5,23,0,40.312,26.012,33.162
2014,5,24,0,39.653,26.692,33.172
2014,5,25,0.0010289,36.833,25.732,31.282
2014,5,26,0.023418,32.887,23.494,28.19
2014,5,27,27.671,34.36,23.696,29.028
2014,5,28,0,36.381,24.749,30.565
2014,5,29,0.32026,37.992,25.059,31.525
2014,5,30,0.28431,39.163,27.318,33.241
2014,5,31,1.8787,39.793,27.762,33.777
2014,6,1,0.0082847,38.19,27.401,32.795
2014,6,2,0.089365,37.686,25.533,31.609
2014,6,3,12.92,36.524,25.185,30.855
2014,6,4,0.073655,36.974,25.845,31.409
2014,6,5,0.28024,37.94,26.328,32.134
2014,6,6,1.1701,39.008,26.942,32.975
2014,6,7,0,39.717,28.828,34.272
2014,6,8,0.22403,38.982,28.577,33.78
2014,6,9,0,36.403,26.578,31.491
2014,6,10,0,38.478,27.525,33.001
2014,6,11,0,38.488,28.372,33.43
2014,6,12,0.43919,37.93,28.377,33.154
2014,6,13,0.77995,38.765,28.267,33.516
2014,6,14,0.011886,35.306,26.958,31.132
2014,6,15,14.316,35.116,25.618,30.367
2014,6,16,0.17428,36.041,26.475,31.258
2014,6,17,0.30235,35.196,26.645,30.92
2014,6,18,3.9062,30.643,24.402,27.523
2014,6,19,10.876,31.136,24.787,27.961
2014,6,20,5.365,30.487,23.816,27.151
2014,6,21,0.41484,31.119,24.785,27.952
2014,6,22,0,32.703,26.019,29.361
2014,6,23,0.062249,34.79,26.463,30.627
2014,6,24,0.14593,34.951,27.099,31.025
2014,6,25,0,34.464,26.564,30.514
2014,6,26,0.47265,30.655,24.062,27.359
2014,6,27,67.766,30.03,23.074,26.552
2014,6,28,13.687,29.528,23.541,26.535
2014,6,29,0.02179,31.841,24.334,28.088
2014,6,30,0.31003,31.893,25.12,28.506
2014,7,1,0.21997,32.858,24.795,28.827
2014,7,2,1.0409,33.842,25.738,29.79
2014,7,3,0.55019,33.493,25.837,29.665
2014,7,4,1.4325,32.717,24.786,28.751
2014,7,5,1.807,31.061,23.906,27.483
2014,7,6,1.391,30.435,23.906,27.171
2014,7,7,0,31.799,24.661,28.23
2014,7,8,1.7209,32.122,23.992,28.057
2014,7,9,0.0032019,30.949,23.206,27.077
2014,7,10,0.03735,31.45,24.029,27.74
2014,7,11,26.834,27.683,22.478,25.081
2014,7,12,24.845,28.053,22.774,25.413
2014,7,13,0.3571,28.348,22.99,25.669
2014,7,14,1.2428,27.805,23.161,25.483
2014,7,15,2.2463,26.294,22.687,24.49
2014,7,16,2.6385,27.403,22.49,24.946
2014,7,17,0.098041,28.296,23.11,25.703
2014,7,18,0.018209,27.084,22.783,24.934
2014,7,19,4.0837,26.284,22.403,24.343
2014,7,20,11.109,24.963,21.776,23.37
2014,7,21,142.34,25.082,21.513,23.297
2014,7,22,99.028,25.169,21.179,23.174
2014,7,23,7.6791,27.049,21.476,24.263
2014,7,24,0.061784,28.027,21.552,24.789
2014,7,25,0.49069,28.411,22.554,25.482
2014,7,26,0.024347,26.657,22.523,24.59
2014,7,27,0.15834,27.142,22.027,24.585
2014,7,28,2.5503,27.133,22.374,24.753
2014,7,29,46.046,27.965,22.377,25.171
2014,7,30,1.0515,27.454,22.664,25.059
2014,7,31,2.9771,28.618,23.126,25.872
2014,8,1,3.8862,30.119,24.323,27.221
2014,8,2,22.801,28.497,23.698,26.098
2014,8,3,39.034,26.541,22.747,24.644
2014,8,4,79.563,26.303,22.423,24.363
2014,8,5,69.907,25.73,21.804,23.767
2014,8,6,0.51202,28.75,22.215,25.483
2014,8,7,1.2822,29.012,23.168,26.09
2014,8,8,0.27138,30.117,23.486,26.802
2014,8,9,0.51745,29.679,22.773,26.226
2014,8,10,3.9564,28.764,22.393,25.579
2014,8,11,22.982,28.714,22.19,25.452
2014,8,12,8.8694,29.842,23.007,26.425
2014,8,13,0.43878,29.42,22.735,26.077
2014,8,14,8.541,29.386,23.159,26.272
2014,8,15,0.89281,29.992,23.281,26.637
2014,8,16,0.29576,28.986,23.032,26.009
2014,8,17,7.0574,29.587,22.657,26.122
2014,8,18,7.4617,29.875,22.808,26.341
2014,8,19,0.018372,30.923,23.671,27.297
2014,8,20,11.738,30.82,23.87,27.345
2014,8,21,0.961,31.006,22.976,26.991
2014,8,22,4.9984,29.317,22.579,25.948
2014,8,23,18.052,29.917,22.456,26.186
2014,8,24,0.99566,30.578,22.377,26.477
2014,8,25,0.85037,30.834,23.044,26.939
2014,8,26,2.406,29.576,22.585,26.081
2014,8,27,8.7907,29.11,22.136,25.623
2014,8,28,11.354,28.363,21.838,25.101
2014,8,29,1.9925,27.966,21.969,24.968
2014,8,30,6.3213,28.005,21.803,24.904
2014,8,31,17.388,27.359,21.465,24.412
2014,9,1,41.015,27.101,22.531,24.816
2014,9,2,30.77,27.755,22.431,25.093
2014,9,3,12.985,28.313,23.034,25.673
2014,9,4,0.58351,28.564,22.715,25.64
2014,9,5,0.037288,27.896,22.573,25.234
2014,9,6,3.5788,25.86,22.223,24.042
2014,9,7,87.543,26.471,21.714,24.092
2014,9,8,0.58959,27.949,22.262,25.105
2014,9,9,1.4644,27.602,22.367,24.985
2014,9,10,0.18211,28.77,22.678,25.724
2014,9,11,0.012071,29.379,22.807,26.093
2014,9,12,0.2461,29.871,22.768,26.319
2014,9,13,1.2369,30.296,23.069,26.682
2014,9,14,10.609,30.743,23.327,27.035
2014,9,15,2.5266,30.016,22.791,26.403
2014,9,16,2.0478,29.563,22.287,25.925
2014,9,17,1.5939,30.597,22.791,26.694
2014,9,18,0.65712,31.08,23.725,27.403
2014,9,19,0.64044,29.413,23.49,26.452
2014,9,20,36.19,28.07,23.276,25.673
2014,9,21,13.421,30.067,23.293,26.68
2014,9,22,0.56151,31.321,23.449,27.385
2014,9,23,0.02682,31.76,23.558,27.659
2014,9,24,0,32.076,23.387,27.732
2014,9,25,0,32.342,22.819,27.58
2014,9,26,0,32.242,22.491,27.366
2014,9,27,0,32.118,22.587,27.353
2014,9,28,0,32.214,22.681,27.448
2014,9,29,0,32.431,22.788,27.609
2014,9,30,0,32.471,22.676,27.573
2014,10,1,0,31.531,21.798,26.664
2014,10,2,0,32.122,21.813,26.967
2014,10,3,0,32.324,21.899,27.111
2014,10,4,0,32.044,22.263,27.153
2014,10,5,0,31.379,22.108,26.744
2014,10,6,0,31.092,21.764,26.428
2014,10,7,0,31.047,21.357,26.202
2014,10,8,0,31.068,21.545,26.307
2014,10,9,0.36229,30.901,21.465,26.183
2014,10,10,0.86844,30.935,21.864,26.4
2014,10,11,0,29.727,21.982,25.855
2014,10,12,0.6392,26.345,20.481,23.413
2014,10,13,81.327,27.457,21.407,24.432
2014,10,14,11.036,30.648,21.855,26.252
2014,10,15,0,30.279,22.008,26.144
2014,10,16,0,30.774,21.649,26.211
2014,10,17,0.073154,30.598,20.852,25.725
2014,10,18,0,30.074,20.536,25.305
2014,10,19,0,30.302,20.221,25.261
2014,10,20,0,30.387,20.315,25.351
2014,10,21,0,30.113,20.29,25.202
2014,10,22,0,29.593,19.419,24.506
2014,10,23,0,29.695,19.141,24.418
2014,10,24,0,29.36,18.664,24.012
2014,10,25,0,27.52,19.347,23.434
2014,10,26,0,24.51,18.85,21.68
2014,10,27,2.3061,24.626,18.076,21.351
2014,10,28,0,27.242,17.908,22.575
2014,10,29,0,28.247,17.063,22.655
2014,10,30,0,28.514,17.147,22.83
2014,10,31,0,29.109,18.337,23.723
2014,11,1,0.20449,28.519,17.903,23.211
2014,11,2,0,28.814,17.975,23.394
2014,11,3,0,28.762,17.394,23.078
2014,11,4,0,29.014,16.693,22.854
2014,11,5,0,29.294,16.752,23.023
2014,11,6,0,29.449,17.238,23.343
2014,11,7,0,28.834,16.518,22.676
2014,11,8,0,28.726,16.905,22.816
2014,11,9,0,27.37,18.481,22.926
2014,11,10,0,29.144,19.466,24.305
2014,11,11,0,29.578,20.642,25.11
2014,11,12,0,29.251,20.225,24.738
2014,11,13,0.23314,28.356,19.771,24.064
2014,11,14,0,29.51,19.905,24.707
2014,11,15,0,29.705,18.953,24.329
2014,11,16,0,29.32,18.502,23.911
2014,11,17,0,28.478,18.553,23.515
2014,11,18,0,27.901,17.526,22.714
2014,11,19,0,27.793,15.656,21.725
2014,11,20,0,27.549,14.716,21.133
2014,11,21,0,27.716,14.441,21.078
2014,11,22,0.059635,27.374,14.623,20.998
2014,11,23,0,27.458,15.102,21.28
2014,11,24,0,27.493,14.834,21.163
2014,11,25,0.086414,27.355,13.687,20.521
2014,11,26,0,26.943,13.468,20.206
2014,11,27,0,27.391,13.886,20.639
2014,11,28,0,27.236,14.028,20.632
2014,11,29,0,28.095,14.498,21.296
2014,11,30,0,28.069,13.561,20.815
2014,12,1,0,28.01,13.853,20.931
2014,12,2,0,27.848,13.521,20.685
2014,12,3,0,27.09,12.885,19.987
2014,12,4,0,26.945,13.004,19.975
2014,12,5,0,26.463,12.772,19.618
2014,12,6,0,26.354,12.97,19.662
2014,12,7,0,26.384,12.849,19.617
2014,12,8,0,26.797,13.127,19.962
2014,12,9,0,27.109,14.14,20.625
2014,12,10,0,27.536,15.132,21.334
2014,12,11,0,26.824,15.901,21.363
2014,12,12,0,25.918,16.795,21.357
2014,12,13,0,25.289,17.408,21.349
2014,12,14,0,25.615,17.139,21.377
2014,12,15,0,25.878,16.247,21.063
2014,12,16,0,24.848,15.9,20.374
2014,12,17,0,23.727,13.391,18.559
2014,12,18,0,23.465,11.252,17.359
2014,12,19,0,24.008,10.376,17.192
2014,12,20,0,23.473,9.6435,16.558
2014,12,21,0,23.884,9.9932,16.939
2014,12,22,0,24.462,9.861,17.161
2014,12,23,0.091709,24.9,10.921,17.91
2014,12,24,0,25.376,11.395,18.386
2014,12,25,0,25.188,11.748,18.468
2014,12,26,0,23.889,11.549,17.719
2014,12,27,0,23.635,10.869,17.252
2014,12,28,2.0616e-06,23.228,10.161,16.695
2014,12,29,0,24.079,11.067,17.573
2014,12,30,0,24.761,12.536,18.649
2014,12,31,0,24.245,14.951,19.598
2015,1,1,0.44977,23.29,16.184,19.737
2015,1,2,0.28984,25.11,17.229,21.17
2015,1,3,0.34614,25.378,17.675,21.526
2015,1,4,12.01,25.828,17.565,21.697
2015,1,5,0,25.426,15.774,20.6
2015,1,6,0,25.687,12.712,19.2
2015,1,7,0,25.393,11.797,18.595
2015,1,8,0,25.037,12.093,18.565
2015,1,9,0,24.287,11.786,18.037
2015,1,10,0.25557,24.394,10.126,17.26
2015,1,11,0,24.443,10.073,17.258
2015,1,12,0,24.823,9.9239,17.374
2015,1,13,0,24.449,10.667,17.558
2015,1,14,0,25.054,10.666,17.86
2015,1,15,0,25.119,11.558,18.338
2015,1,16,0,25.825,11.691,18.758
2015,1,17,0,24.958,11.116,18.037
2015,1,18,0,24.598,10.441,17.52
2015,1,19,0,24.662,10.104,17.383
2015,1,20,0,24.796,10.268,17.532
2015,1,21,0,25.111,11.979,18.545
2015,1,22,0,25.918,11.488,18.703
2015,1,23,0,25.976,12.789,19.382
2015,1,24,0,26.386,13.563,19.974
2015,1,25,0,27.488,13.751,20.619
2015,1,26,0,27.784,14.683,21.233
2015,1,27,0,27.281,14.613,20.947
2015,1,28,0,26.899,14.916,20.908
2015,1,29,0,26.894,15.942,21.418
2015,1,30,0,25.79,15.394,20.592
2015,1,31,0,25.966,13.419,19.692
2015,2,1,0.0082858,26.771,12.798,19.784
2015,2,2,0.03833,27.245,13.247,20.246
2015,2,3,0,28.212,13.801,21.007
2015,2,4,0,28.974,13.736,21.355
2015,2,5,0,28.43,14.112,21.271
2015,2,6,0,28.281,14.08,21.18
2015,2,7,0,28.068,14.082,21.075
2015,2,8,0,27.85,14.969,21.409
2015,2,9,0.014289,27.556,15.918,21.737
2015,2,10,0.064596,28.051,15.875,21.963
2015,2,11,0,27.876,16.037,21.957
2015,2,12,0,27.509,16.036,21.773
2015,2,13,0,28.508,16.084,22.296
2015,2,14,0,28.818,15.332,22.075
2015,2,15,0.016212,29.766,15.453,22.609
2015,2,16,0,30.275,16.061,23.168
2015,2,17,0,30.9,16.247,23.574
2015,2,18,0,31.448,16.852,24.15
2015,2,19,0,31.288,17.914,24.601
2015,2,20,0,30.932,18.237,24.585
2015,2,21,0.14469,31.191,17.375,24.283
2015,2,22,0,31.679,17.048,24.364
2015,2,23,0,31.956,16.79,24.373
2015,2,24,0,32.683,16.989,24.836
2015,2,25,0,32.51,17.754,25.132
2015,2,26,0,32.425,17.808,25.116
2015,2,27,0,32.267,18.571,25.419
2015,2,28,0,32.053,18.826,25.44
2015,3,1,2.0629e-05,27.812,18.243,23.027
2015,3,2,3.449,27.362,19.254,23.308
2015,3,3,2.0762,28.788,18.498,23.643
2015,3,4,10.039,28.676,18.139,23.408
2015,3,5,0,30.126,17.353,23.739
2015,3,6,0,31.001,18.141,24.571
2015,3,7,0,31.255,18.233,24.744
2015,3,8,0,32.174,18.861,25.517
2015,3,9,0,31.033,19.572,25.303
2015,3,10,0.00091507,32.601,19.814,26.207
2015,3,11,0.017355,32.975,19.205,26.09
2015,3,12,0,32.842,19.195,26.018
2015,3,13,0,32.891,18.821,25.856
2015,3,14,0.18766,32.142,19.118,25.63
2015,3,15,0,32.587,19.327,25.957
2015,3,16,0,32.834,19.886,26.36
2015,3,17,0,32.882,19.562,26.222
2015,3,18,0,32.848,20.559,26.704
2015,3,19,0,32.739,20.295,26.517
2015,3,20,0.0021351,33.662,20.48,27.071
2015,3,21,0,34.288,20.556,27.422
2015,3,22,0,35.171,19.715,27.443
2015,3,23,0,35.681,20.748,28.215
2015,3,24,0,35.543,20.912,28.227
2015,3,25,0,35.75,21.607,28.679
2015,3,26,0,35.332,22.511,28.921
2015,3,27,0,35.207,22.665,28.936
2015,3,28,0,35.398,22.423,28.91
2015,3,29,0,35.474,23.383,29.429
2015,3,30,0,32.049,23.496,27.773
2015,3,31,1.0682,34.284,21.372,27.828
2015,4,1,0.026513,35.764,22.635,29.2
2015,4,2,0,36.194,23.346,29.77
2015,4,3,0,37.038,23.362,30.2
2015,4,4,0.56171,37.164,23.866,30.515
2015,4,5,0.023145,37.031,23.564,30.297
2015,4,6,0,36.511,23.992,30.252
2015,4,7,0,36.328,24.413,30.37
2015,4,8,1.0696,34.932,23.303,29.118
2015,4,9,0.10199,34.402,23.08,28.741
2015,4,10,0.68861,35.491,23.738,29.615
2015,4,11,0.060301,31.695,23.168,27.432
2015,4,12,23.394,29.519,21.386,25.452
2015,4,13,0,29.704,20.831,25.268
2015,4,14,8.4642,28.855,19.547,24.201
2015,4,15,5.2965,30.931,20.371,25.651
2015,4,16,0.03404,32.382,21.109,26.746
2015,4,17,0,33.944,21.679,27.811
2015,4,18,0,35.69,22.11,28.9
2015,4,19,0,37.03,24.419,30.724
2015,4,20,0,37.865,25.405,31.635
2015,4,21,0,38.098,26.408,32.253
2015,4,22,0.033009,37.555,26.376,31.965
2015,4,23,0.079983,37.216,25.835,31.525
2015,4,24,45.166,33.704,23.408,28.556
2015,4,25,0,34.858,22.647,28.752
2015,4,26,1.1983,34.176,22.631,28.403
2015,4,27,4.1508,34.646,22.003,28.325
2015,4,28,0.035877,37.111,24.631,30.871
2015,4,29,0,36.358,24.548,30.453
2015,4,30,0.043091,37.404,25.4,31.402
2015,5,1,0,37.707,25.672,31.689
2015,5,2,0.34061,37.604,25.606,31.605
2015,5,3,3.1542,37.332,25.69,31.511
2015,5,4,0.64533,36.608,24.771,30.689
2015,5,5,0,36.025,24.252,30.138
2015,5,6,0,37.134,24.805,30.969
2015,5,7,0,37.603,24.454,31.029
2015,5,8,0,38.894,25.708,32.301
2015,5,9,0.0067709,38.736,26.554,32.645
2015,5,10,0,37.148,26.583,31.865
2015,5,11,0.56913,36.979,26.729,31.854
2015,5,12,0.041053,37.37,24.874,31.122
2015,5,13,0.51798,37.115,26.631,31.873
2015,5,14,27.659,36.069,25.329,30.699
2015,5,15,0,35.519,26.41,30.965
2015,5,16,9.5818,35.331,24.771,30.051
2015,5,17,0,35.77,24.37,30.07
2015,5,18,0,38.057,26.199,32.128
2015,5,19,0,40.277,27.217,33.747
2015,5,20,0,40.782,28.289,34.536
2015,5,21,0,41.231,28.516,34.873
2015,5,22,0,41.833,28.784,35.309
2015,5,23,0,42.069,28.64,35.354
2015,5,24,0.11625,41.878,28.429,35.153
2015,5,25,0,42.172,28.408,35.29
2015,5,26,0,42.022,29.17,35.596
2015,5,27,0.091632,41.138,28.59,34.864
2015,5,28,0,40.694,28.528,34.611
2015,5,29,0.15261,40.893,28.375,34.634
2015,5,30,0,40.486,28.99,34.738
2015,5,31,0,39.633,28.627,34.13
2015,6,1,0.37328,34.853,25.676,30.264
2015,6,2,0,36.067,25.998,31.033
2015,6,3,0.16158,34.691,24.691,29.691
2015,6,4,0.13458,34.6,25.419,30.01
2015,6,5,0,34.151,25.893,30.022
2015,6,6,12.785,32.982,24.704,28.843
2015,6,7,0.35449,34.06,24.984,29.522
2015,6,8,0.073051,34.731,25.731,30.231
2015,6,9,0.17672,34.467,26.226,30.346
2015,6,10,0.42012,36.991,27.129,32.06
2015,6,11,0.50194,36.642,27.659,32.151
2015,6,12,14.929,31.436,25.073,28.255
2015,6,13,0.38271,31.419,24.662,28.04
2015,6,14,0.14309,29.664,23.938,26.801
2015,6,15,22.416,30.228,23.856,27.042
2015,6,16,7.4904,30.702,24.489,27.596
2015,6,17,6.991,30.21,24.076,27.143
2015,6,18,0.23934,30.961,24.885,27.923
2015,6,19,0.31752,30.012,24.296,27.154
2015,6,20,0.59768,27.849,23.577,25.713
2015,6,21,115.24,26.804,23.061,24.933
2015,6,22,42.122,26.406,23.209,24.808
2015,6,23,8.5044,28.935,23.639,26.287
2015,6,24,0.44903,29.647,24.759,27.203
2015,6,25,0.083407,30.06,24.613,27.336
2015,6,26,0.20421,30.652,24.605,27.628
2015,6,27,0.34957,31.05,25.226,28.138
2015,6,28,0.20425,30.591,25.057,27.824
2015,6,29,6.912,31.084,24.279,27.681
2015,6,30,4.3263,30.14,24.294,27.217
2015,7,1,1.9767,29.279,23.542,26.411
2015,7,2,0.22441,29.631,24.224,26.927
2015,7,3,18.674,30.761,24.424,27.593
2015,7,4,1.3287,32.066,24.954,28.51
2015,7,5,0.016075,32.212,26.018,29.115
2015,7,6,0.8325,31.947,26.074,29.011
2015,7,7,2.0806,31.792,25.784,28.788
2015,7,8,0,31.106,25.996,28.551
2015,7,9,15.88,29.528,25.388,27.458
2015,7,10,19.61,27.734,24.838,26.286
2015,7,11,25.177,28.983,24.277,26.63
2015,7,12,2.5359,30.861,24.485,27.673
2015,7,13,1.8598,31.745,25.063,28.404
2015,7,14,8.5395,31.832,25.423,28.628
2015,7,15,1.468,31.612,25.466,28.539
2015,7,16,20.554,31.123,24.888,28.005
2015,7,17,0.61184,30.757,24.943,27.85
2015,7,18,1.4954,30.241,24.543,27.392
2015,7,19,3.7063,28.654,24.044,26.349
2015,7,20,11.397,28.765,24.07,26.418
2015,7,21,2.7905,29.464,24.701,27.083
2015,7,22,39.109,28.407,24.457,26.432
2015,7,23,5.2989,27.848,23.847,25.847
2015,7,24,3.4665,29.114,24.196,26.655
2015,7,25,0,29.302,24.505,26.904
2015,7,26,0.75836,28.555,24.055,26.305
2015,7,27,6.3789,29.714,24.113,26.913
2015,7,28,0,30.426,24.448,27.437
2015,7,29,0.24702,31.002,24.49,27.746
2015,7,30,0,30.484,25.192,27.838
2015,7,31,3.5898,30.859,24.792,27.826
2015,8,1,0.95224,30.544,24.393,27.468
2015,8,2,0,29.869,24.233,27.051
2015,8,3,0.94626,28.261,24.067,26.164
2015,8,4,8.5082,27.366,23.424,25.395
2015,8,5,0.17684,27.443,23.26,25.352
2015,8,6,0.62955,27,22.607,24.803
2015,8,7,0.24105,27.775,23.516,25.646
2015,8,8,1.0527,29.057,24.106,26.582
2015,8,9,2.0749,29.312,24.067,26.689
2015,8,10,3.1295,30.666,24.475,27.57
2015,8,11,2.2939,29.767,24.273,27.02
2015,8,12,16.685,28.395,23.756,26.075
2015,8,13,65.765,26.797,23.004,24.901
2015,8,14,4.0122,28.802,23.978,26.39
2015,8,15,0,29.769,24.574,27.172
2015,8,16,0.0032104,27.957,24.23,26.093
2015,8,17,5.9824,29.258,23.83,26.544
2015,8,18,22.118,29.748,24.345,27.047
2015,8,19,2.5281,29.918,24.776,27.347
2015,8,20,9.8905,29.676,23.766,26.721
2015,8,21,0,30.072,23.801,26.937
2015,8,22,3.193,29.357,23.495,26.426
2015,8,23,0,30.179,23.63,26.904
2015,8,24,0.70389,31.166,23.246,27.206
2015,8,25,1.4539,31.18,24.135,27.657
2015,8,26,1.9434,28.558,23.47,26.014
2015,8,27,47.511,27.414,23.304,25.359
2015,8,28,25.561,28.194,23.443,25.819
2015,8,29,49.348,28.743,23.655,26.199
2015,8,30,3.6527,28.441,23.977,26.209
2015,8,31,0.75795,29.159,23.89,26.525
2015,9,1,0.73041,29.777,23.761,26.769
2015,9,2,1.085,30.134,23.61,26.872
2015,9,3,0.27301,29.557,23.204,26.381
2015,9,4,1.0748,30.785,23.897,27.341
2015,9,5,2.2839,30.846,24.123,27.485
2015,9,6,0.062449,30.561,24.702,27.631
2015,9,7,0.93248,30.358,23.314,26.836
2015,9,8,1.173,30.394,23.682,27.038
2015,9,9,1.1007,30.85,23.743,27.296
2015,9,10,1.0275,31.102,23.627,27.364
2015,9,11,0.083383,30.982,23.774,27.378
2015,9,12,1.6598,29.202,23.257,26.23
2015,9,13,0.25645,29.819,23.062,26.441
2015,9,14,0,30.281,23.402,26.841
2015,9,15,69.059,28.206,22.958,25.582
2015,9,16,90.466,27.578,22.938,25.258
2015,9,17,100.11,27.949,22.988,25.469
2015,9,18,0.44528,29.846,23.598,26.722
2015,9,19,0.55788,29.903,23.615,26.759
2015,9,20,22.934,27.488,23.244,25.366
2015,9,21,18.471,29.391,22.759,26.075
2015,9,22,0.28671,31.109,23.339,27.224
2015,9,23,2.6066,31.661,24.094,27.878
2015,9,24,0.50595,32.029,24.328,28.178
2015,9,25,0,32.059,23.68,27.87
2015,9,26,0.047351,31.516,23.025,27.271
2015,9,27,0,31.075,22.466,26.771
2015,9,28,0,31.186,22.527,26.857
2015,9,29,0,31.509,23.258,27.383
2015,9,30,2.493e-08,31.213,23.086,27.149
2015,10,1,0.48831,31.429,23.571,27.5
2015,10,2,2.6383,31.653,23.762,27.708
2015,10,3,0.10181,32.171,23.928,28.05
2015,10,4,3.6532,31.599,23.729,27.664
2015,10,5,1.7349,31.508,22.634,27.071
2015,10,6,0,31.452,21.536,26.494
2015,10,7,0,30.633,22.028,26.33
2015,10,8,0,31.563,22.246,26.904
2015,10,9,0,32.233,21.782,27.008
2015,10,10,0,32.95,21.819,27.385
2015,10,11,0,32.968,22.064,27.516
2015,10,12,0,32.815,22.048,27.432
2015,10,13,0,32.974,21.7,27.337
2015,10,14,0,32.287,21.671,26.979
2015,10,15,1.9567,31.075,22.054,26.564
2015,10,16,0,30.74,22.509,26.625
2015,10,17,0,31.173,22.128,26.651
2015,10,18,0,31.563,21.899,26.731
2015,10,19,0,31.636,21.305,26.471
2015,10,20,0,32.236,21.371,26.804
2015,10,21,0.049071,32.1,21.583,26.842
2015,10,22,0.11749,31.734,21.475,26.605
2015,10,23,0,31.696,21.417,26.557
2015,10,24,0.048568,31.137,21.634,26.386
2015,10,25,0,30.648,21.23,25.939
2015,10,26,0,30.305,20.275,25.29
2015,10,27,0,30.524,19.748,25.136
2015,10,28,0,30.168,19.664,24.916
2015,10,29,0,28.968,20.264,24.616
2015,10,30,0.47153,27.658,19.933,23.796
2015,10,31,4.9619,27.366,19.644,23.505
2015,11,1,0,27.484,19.761,23.622
2015,11,2,1.2082,28.66,20.284,24.472
2015,11,3,0.89607,29.799,20.309,25.054
2015,11,4,0.10035,29.732,20.105,24.919
2015,11,5,0.19748,30.14,19.769,24.955
2015,11,6,0,30.182,19.247,24.714
2015,11,7,0,30.057,18.916,24.486
2015,11,8,0,29.741,19.122,24.431
2015,11,9,0,28.298,18.196,23.247
2015,11,10,0,27.815,18.708,23.261
2015,11,11,0,29.201,18.364,23.783
2015,11,12,0,28.819,17.552,23.186
2015,11,13,0,29.306,16.897,23.101
2015,11,14,0,28.863,17.269,23.066
2015,11,15,0,29.358,17.436,23.397
2015,11,16,0,27.622,17.245,22.433
2015,11,17,0.0019502,24.964,17.668,21.316
2015,11,18,0,27.29,15.836,21.563
2015,11,19,0,27.628,16.714,22.171
2015,11,20,0,27.88,16.718,22.299
2015,11,21,0,28.416,16.914,22.665
2015,11,22,0,28.505,17.134,22.82
2015,11,23,0,28.497,17.368,22.933
2015,11,24,0,28.683,17.631,23.157
2015,11,25,0,28.396,16.885,22.641
2015,11,26,0,28.763,16.832,22.797
2015,11,27,0,29.131,17.101,23.116
2015,11,28,0,28.986,17.86,23.423
2015,11,29,0,28.495,18.558,23.527
2015,11,30,0,27.865,18.618,23.242
2015,12,1,0,28.577,18.918,23.748
2015,12,2,0,28.218,19.208,23.713
2015,12,3,0,29.374,18.881,24.127
2015,12,4,0.069408,28.51,17.96,23.235
2015,12,5,0,28.306,17.14,22.723
2015,12,6,0,27.977,16.051,22.014
2015,12,7,0,27.562,14.747,21.154
2015,12,8,0,27.509,14.016,20.763
2015,12,9,0,27.569,13.427,20.498
2015,12,10,0,27.798,13.71,20.754
2015,12,11,0,28.48,16.244,22.362
2015,12,12,0,29.04,18.154,23.597
2015,12,13,0.0039859,29.216,19.123,24.169
2015,12,14,0.045211,28.473,18.84,23.657
2015,12,15,0.26683,27.799,17.895,22.847
2015,12,16,0.0046758,27.607,17.185,22.396
2015,12,17,0.17556,28.281,17.938,23.11
2015,12,18,0,27.475,18.014,22.744
2015,12,19,0,26.634,15.315,20.975
2015,12,20,0.047034,26.644,15.905,21.274
2015,12,21,0,27.552,16.758,22.155
2015,12,22,0,27.759,17.424,22.591
2015,12,23,0,27.335,17.852,22.593
2015,12,24,0,26.473,17.187,21.83
2015,12,25,0,24.336,14.115,19.226
2015,12,26,0,23.644,11.316,17.48
2015,12,27,0,25.435,10.862,18.148
2015,12,28,0,27.228,11.112,19.17
2015,12,29,0,28.174,11.607,19.891
2015,12,30,0,28.427,11.953,20.19
2015,12,31,0,29.328,13.071,21.2
2016,1,1,0,28.253,13.459,20.856
2016,1,2,0,27.952,13.561,20.757
2016,1,3,0,27.584,13.982,20.783
2016,1,4,0,27.708,13.862,20.785
2016,1,5,0,27.659,12.979,20.319
2016,1,6,0,27.707,13.494,20.6
2016,1,7,0,27.975,13.282,20.628
2016,1,8,0.033924,28.161,13.285,20.723
2016,1,9,0,27.92,13.603,20.761
2016,1,10,0,28.122,13.566,20.844
2016,1,11,0,27.432,13.219,20.326
2016,1,12,3.9288e-07,27.521,12.953,20.237
2016,1,13,0,27.017,12.782,19.899
2016,1,14,0,27.351,13.693,20.522
2016,1,15,0.049259,27.278,13.948,20.613
2016,1,16,0,27.798,13.933,20.866
2016,1,17,0,27.295,15.114,21.204
2016,1,18,0,27.716,15.251,21.484
2016,1,19,0,27.105,16.141,21.623
2016,1,20,1.4841,24.793,16.411,20.602
2016,1,21,0.4032,24.441,14.372,19.406
2016,1,22,0,24.93,12.094,18.512
2016,1,23,0,25.693,10.38,18.036
2016,1,24,0,26.09,10.013,18.051
2016,1,25,0,26.824,11.237,19.03
2016,1,26,0.041621,27.399,13.16,20.279
2016,1,27,0,28.726,15.095,21.91
2016,1,28,0,29.167,15.955,22.561
2016,1,29,0,29.499,15.299,22.399
2016,1,30,0.042419,30.584,15.121,22.853
2016,1,31,0,31.314,15.617,23.466
2016,2,1,0,31.592,15.921,23.757
2016,2,2,0,30.927,16.492,23.71
2016,2,3,0,29.995,16.47,23.232
2016,2,4,0,29.645,15.422,22.533
2016,2,5,0,29.654,15.49,22.572
2016,2,6,0.05174,30.028,15.771,22.9
2016,2,7,0,30.472,17.672,24.072
2016,2,8,0,29.704,17.533,23.619
2016,2,9,0.066994,29.608,16.578,23.093
2016,2,10,0,31.031,16.68,23.855
2016,2,11,0,30.612,18.432,24.522
2016,2,12,0,30.931,19.125,25.028
2016,2,13,0.016911,31.369,19.225,25.297
2016,2,14,0,31.218,19.089,25.153
2016,2,15,0,31.46,19.374,25.417
2016,2,16,0,31.576,18.03,24.803
2016,2,17,0,32.15,17.366,24.758
2016,2,18,0,33.111,16.898,25.004
2016,2,19,0,33.811,17.204,25.507
2016,2,20,0,34.279,17.817,26.048
2016,2,21,0,33.803,19.282,26.543
2016,2,22,9.0352e-11,33.289,19.967,26.628
2016,2,23,0.053378,32.909,20.324,26.617
2016,2,24,0.014566,32.184,20.62,26.402
2016,2,25,0,31.926,20.783,26.355
2016,2,26,0,31.731,21.457,26.594
2016,2,27,0.0042931,31.213,20.935,26.074
2016,2,28,0.027697,32.411,20.715,26.563
2016,2,29,0.063052,32.406,20.779,26.592
2016,3,1,0.10286,31.611,19.611,25.611
2016,3,2,0,31.952,20.259,26.105
2016,3,3,0,32.284,21.008,26.646
2016,3,4,0,32.929,20.242,26.585
2016,3,5,0,32.742,19.558,26.15
2016,3,6,0,33.518,20.361,26.939
2016,3,7,0,32.992,19.219,26.106
2016,3,8,0,33.836,19.646,26.741
2016,3,9,0,33.618,20.168,26.893
2016,3,10,0.054522,34.622,20.495,27.558
2016,3,11,0.044683,35.069,21.129,28.099
2016,3,12,0.014207,34.935,21.788,28.361
2016,3,13,9.0266e-07,33.422,20.805,27.113
2016,3,14,4.5155,33.049,21.459,27.254
2016,3,15,56.796,33.233,20.577,26.905
2016,3,16,36.011,32.716,20.524,26.62
2016,3,17,0.049529,33.945,21.466,27.705
2016,3,18,18.448,35.189,22.583,28.886
2016,3,19,0,36.036,22.882,29.459
2016,3,20,0,36.556,22.279,29.417
2016,3,21,0.10556,36.974,21.987,29.481
2016,3,22,0,37.008,21.141,29.075
2016,3,23,0,36.291,21.155,28.723
2016,3,24,0.042068,36.227,20.188,28.207
2016,3,25,0,35.972,20.892,28.432
2016,3,26,0,36.886,22.385,29.636
2016,3,27,0,36.367,23.257,29.812
2016,3,28,0,35.39,21.481,28.435
2016,3,29,0,36.154,22.534,29.344
2016,3,30,0,36.548,23.561,30.055
2016,3,31,38.739,36.447,23.022,29.734
2016,4,1,0,37.419,22.356,29.887
2016,4,2,0,37.588,24.373,30.981
2016,4,3,0,38.453,24.819,31.636
2016,4,4,0,38.396,25.204,31.8
2016,4,5,0.00011689,37.088,25.407,31.248
2016,4,6,0,36.976,24.186,30.581
2016,4,7,0,36.9,24.365,30.633
2016,4,8,0,37.405,23.927,30.666
2016,4,9,0,37.558,24.233,30.895
2016,4,10,0,38.199,24.523,31.361
2016,4,11,0,39.036,24.734,31.885
2016,4,12,0,39.237,25.11,32.174
2016,4,13,0.37491,39.013,24.918,31.965
2016,4,14,0,39.173,24.743,31.958
2016,4,15,0,39.701,25.336,32.519
2016,4,16,0,39.826,26.373,33.099
2016,4,17,0,39.646,26.483,33.065
2016,4,18,0,38.82,26.415,32.618
2016,4,19,0.68045,38.9,25.793,32.347
2016,4,20,1.2603,39.415,26.589,33.002
2016,4,21,0.10427,40.146,27.155,33.65
2016,4,22,0.42067,40.22,27.828,34.024
2016,4,23,0.23382,40.066,26.598,33.332
2016,4,24,0.23382,40.155,25.881,33.018
2016,4,25,0.041349,39.545,25.648,32.597
2016,4,26,0.62044,39.824,27.011,33.418
2016,4,27,27.863,38.92,25.34,32.13
2016,4,28,0,38.903,25.772,32.337
2016,4,29,0,39.245,25.968,32.607
2016,4,30,3.2771,38.753,25.754,32.253
2016,5,1,0,39.725,25.936,32.831
2016,5,2,0,39.913,26.596,33.255
2016,5,3,0.0076088,38.696,25.404,32.05
2016,5,4,0.022274,38.23,23.16,30.695
2016,5,5,16.938,37.16,23.414,30.287
2016,5,6,0.16296,34.423,23.007,28.715
2016,5,7,0,36.974,23.558,30.266
2016,5,8,0,37.165,25.027,31.096
2016,5,9,0.00052323,37.392,24.508,30.95
2016,5,10,9.9223,37.531,25.401,31.466
2016,5,11,1.9216,38.047,25.806,31.926
2016,5,12,0.006606,38.949,26.116,32.533
2016,5,13,0.001383,39.063,26.095,32.579
2016,5,14,0.14863,39.497,26.708,33.102
2016,5,15,0.0044376,38.85,27.065,32.957
2016,5,16,0,38.978,27.42,33.199
2016,5,17,0,38.116,26.825,32.471
2016,5,18,0,35.577,26.739,31.158
2016,5,19,0.013293,33.649,25.707,29.678
2016,5,20,0.26001,35.546,25.466,30.506
2016,5,21,0.07659,39.688,26.82,33.254
2016,5,22,0.090514,40.369,27.334,33.852
2016,5,23,0,41.389,28.046,34.717
2016,5,24,0,40.766,28.362,34.564
2016,5,25,0,40.627,28.779,34.703
2016,5,26,0.30961,40.236,27.18,33.708
2016,5,27,0.16853,40.179,27.937,34.058
2016,5,28,0.0036431,38.768,27.179,32.974
2016,5,29,0.0415,38.564,26.645,32.604
2016,5,30,0.57024,37.987,26.53,32.258
2016,5,31,0,39.108,27.363,33.235
2016,6,1,0.058487,39.932,28.425,34.179
2016,6,2,0.0033115,38.581,27.197,32.889
2016,6,3,0.4037,36.386,26.062,31.224
2016,6,4,10.636,35.179,25.194,30.187
2016,6,5,0.34826,35.148,25.25,30.199
2016,6,6,0.069586,35.097,25.83,30.464
2016,6,7,7.8319,34.788,25.084,29.936
2016,6,8,4.7118,33.269,24.726,28.998
2016,6,9,6.5613,33.937,24.783,29.36
2016,6,10,1.7712,36.122,26.145,31.133
2016,6,11,1.2831,36.62,27.636,32.128
2016,6,12,20.139,35.542,26.348,30.945
2016,6,13,4.0324,35.889,27.145,31.517
2016,6,14,1.2215,35.956,27.233,31.595
2016,6,15,0.2686,37.14,28.009,32.575
2016,6,16,0,36.141,28.427,32.284
2016,6,17,8.4964,32.604,25.704,29.154
2016,6,18,13.457,29.669,24.192,26.931
2016,6,19,1.1841,31.199,24.629,27.914
2016,6,20,0.59462,31.815,24.929,28.372
2016,6,21,0.33075,33.131,25.684,29.408
2016,6,22,0.32843,33.479,26.882,30.181
2016,6,23,0.85682,33.659,26.345,30.002
2016,6,24,57.516,30.834,24.164,27.499
2016,6,25,1.1178,31.663,24.728,28.196
2016,6,26,12.553,30.066,24.289,27.177
2016,6,27,0,29.514,24.218,26.866
2016,6,28,53.209,26.649,23.107,24.878
2016,6,29,22.755,28.078,23.52,25.799
2016,6,30,34.272,28.602,23.325,25.963
2016,7,1,13.084,28.954,24.094,26.524
2016,7,2,21.185,28.35,23.832,26.091
2016,7,3,4.3097,27.654,23.369,25.512
2016,7,4,3.4393,28.927,23.991,26.459
2016,7,5,0.94829,27.725,23.776,25.75
2016,7,6,0,28.54,24.05,26.295
2016,7,7,0.42469,27.62,23.933,25.777
2016,7,8,1.089,26.152,23.296,24.724
2016,7,9,39.375,25.801,22.355,24.078
2016,7,10,50.027,25.543,22.341,23.942
2016,7,11,54.762,26.297,22.733,24.515
2016,7,12,0.84831,27.989,23.338,25.664
2016,7,13,0,29.501,23.718,26.61
2016,7,14,0,30.45,24.636,27.543
2016,7,15,0,30.099,25.166,27.633
2016,7,16,16.5,28.328,23.841,26.084
2016,7,17,0.015498,29.305,24.164,26.735
2016,7,18,1.2807,29.086,23.402,26.244
2016,7,19,0.0072401,27.761,23.05,25.405
2016,7,20,0.81775,28.811,23.581,26.196
2016,7,21,61.562,28.906,24.123,26.514
2016,7,22,32.686,28.327,24.037,26.182
2016,7,23,3.8721,29.464,23.812,26.638
2016,7,24,2.3981,28.49,23.52,26.005
2016,7,25,13.585,29.203,23.963,26.583
2016,7,26,33.433,28.064,23.693,25.879
2016,7,27,2.5267,28.97,23.009,25.99
2016,7,28,0.15553,30.01,23.744,26.877
2016,7,29,5.2115,30.289,24.062,27.175
2016,7,30,15.601,30.172,24.516,27.344
2016,7,31,1.6897,28.333,23.425,25.879
2016,8,1,29.218,27.714,23.109,25.412
2016,8,2,26.374,26.604,23.149,24.877
2016,8,3,21.25,26.229,22.707,24.468
2016,8,4,24.434,26.135,22.473,24.304
2016,8,5,33.523,26.911,22.962,24.937
2016,8,6,22.53,26.946,23.08,25.013
2016,8,7,39.257,27.769,23.521,25.645
2016,8,8,27.113,29.461,23.527,26.494
2016,8,9,0.25442,29.499,23.779,26.639
2016,8,10,0.48748,28.791,23.894,26.342
2016,8,11,0.68214,29.801,24.607,27.204
2016,8,12,1.0478,29.901,24.302,27.101
2016,8,13,0.51581,29.447,24.213,26.83
2016,8,14,0.22548,29.223,24.333,26.778
2016,8,15,0.57093,28.127,24.21,26.169
2016,8,16,2.0909,28.113,23.456,25.785
2016,8,17,1.7898,28.193,23.026,25.609
2016,8,18,1.6383,29.284,23.601,26.443
2016,8,19,0.2096,30.031,23.944,26.988
2016,8,20,0,30.182,23.611,26.897
2016,8,21,0.42807,31.286,23.487,27.386
2016,8,22,0.30305,30.035,24.011,27.023
2016,8,23,0,30.632,23.876,27.254
2016,8,24,0,31.68,23.249,27.465
2016,8,25,5.1995,30.272,23.947,27.11
2016,8,26,30.901,29.899,23.515,26.707
2016,8,27,15.971,29.907,23.454,26.681
2016,8,28,1.9986,30.57,23.987,27.278
2016,8,29,0,30.883,23.829,27.356
2016,8,30,0,30.601,24.282,27.441
2016,8,31,46.659,29.283,23.316,26.3
2016,9,1,0.13521,29.36,23.612,26.486
2016,9,2,10.513,29.212,23.483,26.348
2016,9,3,30.537,27.499,22.872,25.186
2016,9,4,2.326,27.473,22.556,25.014
2016,9,5,15.344,28.47,22.44,25.455
2016,9,6,0.034356,28.978,22.974,25.976
2016,9,7,0.29772,29.401,22.735,26.068
2016,9,8,0.11171,29.241,22.434,25.837
2016,9,9,2.9266,28.886,23.372,26.129
2016,9,10,48.207,28.585,23.51,26.048
2016,9,11,54.258,27.547,22.565,25.056
2016,9,12,15.513,28.323,22.863,25.593
2016,9,13,2.8441,28.577,22.464,25.52
2016,9,14,0.69395,28.577,23.079,25.828
2016,9,15,0.41596,29.108,23.154,26.131
2016,9,16,0.43631,30.226,23.483,26.855
2016,9,17,1.0276,30.095,23.596,26.845
2016,9,18,4.0452,30.572,24.079,27.326
2016,9,19,7.875,30.582,23.229,26.906
2016,9,20,11.235,29.914,23.675,26.794
2016,9,21,2.7409,29.44,23.068,26.254
2016,9,22,0,29.119,22.935,26.027
2016,9,23,0,29.163,23.017,26.09
2016,9,24,0.0041248,28.809,22.942,25.876
2016,9,25,5.0588,28.542,22.78,25.661
2016,9,26,0.64035,28.733,22.726,25.73
2016,9,27,4.4428,28.487,22.929,25.708
2016,9,28,15.53,29.843,22.781,26.312
2016,9,29,21.006,29.311,23.062,26.187
2016,9,30,13.921,28.487,23.051,25.769
2016,10,1,4.2013,28.976,22.801,25.888
2016,10,2,4.0967,29.462,23.004,26.233
2016,10,3,10.088,30.481,22.972,26.727
2016,10,4,3.4685,30.519,23.143,26.831
2016,10,5,16.906,30.802,23.227,27.014
2016,10,6,0.039322,30.378,23.08,26.729
2016,10,7,30.954,29.563,22.437,26
2016,10,8,13.594,28.516,22.209,25.363
2016,10,9,51.463,28.965,21.995,25.48
2016,10,10,12.813,30.09,22.314,26.202
2016,10,11,0,30.986,22.296,26.641
2016,10,12,0,30.979,21.725,26.352
2016,10,13,0.0022639,30.988,20.739,25.864
2016,10,14,0,30.473,19.341,24.907
2016,10,15,0,29.901,19.202,24.551
2016,10,16,0,29.911,18.816,24.364
2016,10,17,0,29.606,18.034,23.82
2016,10,18,0,29.645,18.426,24.036
2016,10,19,0,30.057,19.101,24.579
2016,10,20,0.052932,29.574,18.234,23.904
2016,10,21,2.8769,29.596,17.938,23.767
2016,10,22,0.087665,29.583,18.124,23.854
2016,10,23,0,30.032,18.079,24.056
2016,10,24,0.10514,28.962,17.973,23.468
2016,10,25,1.0686,30.058,17.923,23.991
2016,10,26,3.12,29.267,17.831,23.549
2016,10,27,0.54375,28.677,17.789,23.233
2016,10,28,0,28.718,18.42,23.569
2016,10,29,0,29.479,20.009,24.744
2016,10,30,0,29.356,20.085,24.72
2016,10,31,0,29.458,19.04,24.249
2016,11,1,0.16856,29.405,18.773,24.089
2016,11,2,0,29.705,18.946,24.326
2016,11,3,0,29.468,19.506,24.487
2016,11,4,0,28.45,19.084,23.767
2016,11,5,0,29.243,19.616,24.43
2016,11,6,0.031703,29.072,18.28,23.676
2016,11,7,0,28.735,15.946,22.341
2016,11,8,0,28.41,14.069,21.24
2016,11,9,0.010565,27.957,13.798,20.878
2016,11,10,0,27.499,12.933,20.216
2016,11,11,0,27.347,13.192,20.269
2016,11,12,0,26.935,13.937,20.436
2016,11,13,0,27.734,15.372,21.553
2016,11,14,0.011119,28.444,16.756,22.6
2016,11,15,0.027461,28.191,17.324,22.757
2016,11,16,0.040629,27.823,17.786,22.805
2016,11,17,0,27.283,15.916,21.6
2016,11,18,0,27.033,14.216,20.625
2016,11,19,0,27.565,13.128,20.347
2016,11,20,0,27.721,13.205,20.463
2016,11,21,0,27.813,13.098,20.456
2016,11,22,0.22603,27.278,13.109,20.194
2016,11,23,0.061267,27.627,13.018,20.323
2016,11,24,0,27.889,13.01,20.449
2016,11,25,0,28,12.699,20.35
2016,11,26,0,28.736,12.889,20.812
2016,11,27,0,28.573,14.034,21.303
2016,11,28,0,28.378,13.41,20.894
2016,11,29,0,28.13,13.371,20.75
2016,11,30,0,27.714,13.094,20.404
2016,12,1,0,26.824,13.673,20.249
2016,12,2,0,27.39,15.416,21.403
2016,12,3,0,28.357,16.55,22.453
2016,12,4,0,28.301,17.996,23.149
2016,12,5,0,26.849,15.332,21.091
2016,12,6,0,26.253,13.792,20.022
2016,12,7,0,26.792,13.319,20.055
2016,12,8,0.15512,26.392,12.668,19.53
2016,12,9,0,25.853,12.329,19.091
2016,12,10,0,25.865,12.15,19.007
2016,12,11,0,26.851,13.132,19.992
2016,12,12,0,27.219,14.804,21.011
2016,12,13,0,27.94,15.491,21.715
2016,12,14,0,27.271,16.553,21.912
2016,12,15,0,27.118,15.466,21.292
2016,12,16,0,26.496,13.742,20.119
2016,12,17,0,26.111,12.575,19.343
2016,12,18,0,25.883,11.82,18.851
2016,12,19,0,25.482,10.478,17.98
2016,12,20,0,25.788,10.329,18.058
2016,12,21,0,26.862,10.763,18.812
2016,12,22,0,26.618,10.343,18.48
2016,12,23,0,26.119,10.727,18.423
2016,12,24,0,26.554,10.901,18.727
2016,12,25,0,26.945,12.168,19.557
2016,12,26,0,26.62,13.005,19.812
2016,12,27,0,25.902,11.473,18.688
2016,12,28,0,26.128,11.566,18.847
2016,12,29,0,26.433,12.037,19.235
2016,12,30,0,27.122,12.33,19.726
2016,12,31,0,26.811,12.961,19.886
2017,1,1,0,26.783,13.594,20.188
2017,1,2,0,27.235,14.359,20.797
2017,1,3,0,25.401,13.567,19.484
2017,1,4,0,25.643,13.008,19.326
2017,1,5,0,26.672,12.411,19.541
2017,1,6,0,26.567,11.742,19.154
2017,1,7,2.2731e-06,26.72,11.812,19.266
2017,1,8,0,26.66,13.485,20.072
2017,1,9,0,26.179,14.011,20.095
2017,1,10,0,25.341,14.258,19.799
2017,1,11,0,24.932,13.391,19.161
2017,1,12,0,24.17,11.792,17.981
2017,1,13,0,24.376,11.192,17.784
2017,1,14,0,24.704,11.384,18.044
2017,1,15,0,25.457,11.296,18.376
2017,1,16,0,26.603,11.229,18.916
2017,1,17,0.10553,27.1,11.737,19.419
2017,1,18,0.016908,27.532,13.04,20.286
2017,1,19,0,27,13.514,20.257
2017,1,20,0,27.376,12.71,20.043
2017,1,21,0,28.064,13.236,20.65
2017,1,22,0.12589,28.251,14.07,21.161
2017,1,23,0,28.231,14.191,21.211
2017,1,24,0,27.98,13.551,20.766
2017,1,25,0,28.337,12.931,20.634
2017,1,26,0,27.516,14.568,21.042
2017,1,27,0,28.497,16.795,22.646
2017,1,28,0,27.631,15.491,21.561
2017,1,29,3.8578e-06,27.726,13.869,20.797
2017,1,30,0,28.261,13.283,20.772
2017,1,31,0,29.12,14.007,21.564
2017,2,1,0,29.068,14.845,21.957
2017,2,2,0,28.566,15.46,22.013
2017,2,3,0,28.868,14.903,21.886
2017,2,4,0,29.035,13.864,21.449
2017,2,5,0,28.977,14.068,21.522
2017,2,6,0,29.955,14.684,22.319
2017,2,7,0.0073165,29.738,15.25,22.494
2017,2,8,0,29.807,14.413,22.11
2017,2,9,0,30.211,15.092,22.652
2017,2,10,0,29.954,15.122,22.538
2017,2,11,0,29.158,16.608,22.883
2017,2,12,0,28.21,16.504,22.357
2017,2,13,0,29.187,16.031,22.609
2017,2,14,0,29.656,16.531,23.094
2017,2,15,0.010291,29.957,16.191,23.074
2017,2,16,0.12964,30.235,15.064,22.649
2017,2,17,0,30.744,15.049,22.896
2017,2,18,0,31.18,15.01,23.095
2017,2,19,0,31.796,15.95,23.873
2017,2,20,0,32.821,16.152,24.487
2017,2,21,0,33.446,16.814,25.13
2017,2,22,0,33.28,18.644,25.962
2017,2,23,0.14302,33.027,17.701,25.364
2017,2,24,0,32.048,17.791,24.92
2017,2,25,0,31.082,16.556,23.819
2017,2,26,0,31.935,15.086,23.51
2017,2,27,0,32.643,16.434,24.538
2017,2,28,0,32.585,16.456,24.52
2017,3,1,0,33.266,16.411,24.839
2017,3,2,0,33.184,17.365,25.275
2017,3,3,0,33.489,17.74,25.615
2017,3,4,5.6817e-06,33.209,18.047,25.628
2017,3,5,0,32.864,19.851,26.357
2017,3,6,0.082758,32.724,20.512,26.618
2017,3,7,0,31.926,20.086,26.006
2017,3,8,4.4905,31.628,21.269,26.449
2017,3,9,2.7579,32.212,21.167,26.69
2017,3,10,0,31.683,21.515,26.599
2017,3,11,9.0611,31.254,19.601,25.427
2017,3,12,0,31.48,18.194,24.837
2017,3,13,1.297,31.289,16.539,23.914
2017,3,14,0,31.634,17.166,24.4
2017,3,15,0.15681,32.108,19.046,25.577
2017,3,16,0,32.567,18.596,25.581
2017,3,17,0,33.043,19.561,26.302
2017,3,18,0.020187,33.823,20.376,27.099
2017,3,19,0,33.939,20.233,27.086
2017,3,20,0,33.149,20.615,26.882
2017,3,21,0,33.578,19.663,26.62
2017,3,22,0.080559,34.636,19.49,27.063
2017,3,23,0,35.822,20.948,28.385
2017,3,24,0,36.994,21.508,29.251
2017,3,25,0,36.903,22.466,29.685
2017,3,26,0,36.814,22.538,29.676
2017,3,27,0,36.763,22.56,29.662
2017,3,28,0.012193,37.799,22.306,30.053
2017,3,29,0,37.726,23.057,30.392
2017,3,30,0,38.16,23.757,30.958
2017,3,31,0,38.527,23.643,31.085
2017,4,1,0,38.015,23.986,31
2017,4,2,0,37.366,24.77,31.068
2017,4,3,0,36.474,24.551,30.512
2017,4,4,0,37.074,24.51,30.792
2017,4,5,0,37.597,25.185,31.391
2017,4,6,0.55479,37.869,24.925,31.397
2017,4,7,0.015396,38.056,25.053,31.554
2017,4,8,0,37.988,24.598,31.293
2017,4,9,0,37.819,24.239,31.029
2017,4,10,0,37.04,23.854,30.447
2017,4,11,0,37.496,21.598,29.547
2017,4,12,0,37.77,21.374,29.572
2017,4,13,0.34786,38.075,22.329,30.202
2017,4,14,0.14118,38.077,23.443,30.76
2017,4,15,0.042151,38.54,23.552,31.046
2017,4,16,0.038507,38.863,24.418,31.641
2017,4,17,0.81424,38.824,24.913,31.869
2017,4,18,0.5259,39.022,25.639,32.33
2017,4,19,0.040415,38.416,26.243,32.33
2017,4,20,0.10712,38.986,25.65,32.318
2017,4,21,0.30207,38.91,25.74,32.325
2017,4,22,0.075221,39.508,26.307,32.907
2017,4,23,0,39.306,25.496,32.401
2017,4,24,0,38.834,24.827,31.831
2017,4,25,0,38.726,24.886,31.806
2017,4,26,0,38.968,24.982,31.975
2017,4,27,0.075676,39.032,25.161,32.097
2017,4,28,0.065261,39.361,24.819,32.09
2017,4,29,0.18003,38.732,25.285,32.008
2017,4,30,0.0024969,38.509,25.411,31.96
2017,5,1,0.025416,37.234,25.002,31.118
2017,5,2,0,37.091,23.649,30.37
2017,5,3,0.27239,38.18,25.411,31.796
2017,5,4,0,38.725,24.797,31.761
2017,5,5,0,39.074,26.101,32.588
2017,5,6,0.036685,38.627,25.891,32.259
2017,5,7,31.693,37.963,25.036,31.499
2017,5,8,0.040977,39.127,25.693,32.41
2017,5,9,0.48416,38.667,26.145,32.406
2017,5,10,0.42746,36.363,24.348,30.355
2017,5,11,0,37.825,25.732,31.779
2017,5,12,0.20977,38.023,25.86,31.942
2017,5,13,0.10962,39.278,26.753,33.015
2017,5,14,0,39.71,26.965,33.337
2017,5,15,0.92316,40.449,27.199,33.824
2017,5,16,0,41.028,28.902,34.965
2017,5,17,0,40.707,28.881,34.794
2017,5,18,0.39434,41.15,28.802,34.976
2017,5,19,0.71315,40.184,27.736,33.96
2017,5,20,0.13698,40.517,27.466,33.992
2017,5,21,0.082372,40.398,27.113,33.755
2017,5,22,0,40.853,27.801,34.327
2017,5,23,0,40.708,28.34,34.524
2017,5,24,0.32327,40.436,27.519,33.977
2017,5,25,0.43589,40.31,27.989,34.149
2017,5,26,0.7012,39.994,28.433,34.213
2017,5,27,0.698,37.975,26.357,32.166
2017,5,28,3.5357,38.065,24.772,31.419
2017,5,29,0.0085578,37.572,24.575,31.074
2017,5,30,0.33848,37.633,26.651,32.142
2017,5,31,0.3929,38.955,27.022,32.989
2017,6,1,0.91857,38.208,27.499,32.854
2017,6,2,0.16445,37.592,27.425,32.509
2017,6,3,0.2136,38.276,27.15,32.713
2017,6,4,0.33995,38.195,27.82,33.008
2017,6,5,0.10044,37.555,28.215,32.885
2017,6,6,0.059416,34.847,25.839,30.343
2017,6,7,0.11159,34.188,25.296,29.742
2017,6,8,31.276,34.087,23.984,29.035
2017,6,9,5.4055,34.685,25.194,29.94
2017,6,10,0,33.965,24.665,29.315
2017,6,11,13.343,31.35,24.173,27.761
2017,6,12,0,31.3,24.751,28.026
2017,6,13,0.74666,31.363,24.427,27.895
2017,6,14,0.29151,31.58,24.834,28.207
2017,6,15,0.10016,32.716,26.079,29.397
2017,6,16,42.752,29.979,23.139,26.559
2017,6,17,0.3279,32.513,24.746,28.63
2017,6,18,15.248,33.723,26.436,30.08
2017,6,19,0.77278,32.745,25.093,28.919
2017,6,20,0.74051,32.926,25.504,29.215
2017,6,21,1.7389,31.549,24.167,27.858
2017,6,22,75.434,31.338,24.555,27.947
2017,6,23,3.651,30.589,23.278,26.933
2017,6,24,0,30.969,24.273,27.621
2017,6,25,23.679,28.124,23.602,25.863
2017,6,26,1.9352,27.23,22.999,25.114
2017,6,27,9.8227,27.303,22.999,25.151
2017,6,28,5.3594,26.377,22.868,24.623
2017,6,29,0.33391,28.975,23.535,26.255
2017,6,30,12.256,28.666,23.784,26.225
2017,7,1,1.1066,27.341,22.847,25.094
2017,7,2,1.4577,27.347,23.085,25.216
2017,7,3,1.8081,27.493,22.878,25.186
2017,7,4,0.1332,28.906,23.635,26.27
2017,7,5,0.17739,29.294,24.055,26.674
2017,7,6,0,29.378,24.26,26.819
2017,7,7,0.041647,29.245,24.085,26.665
2017,7,8,0.60147,30.701,24.346,27.524
2017,7,9,0.13849,29.959,24.539,27.249
2017,7,10,11.42,28.937,24.132,26.535
2017,7,11,0.24725,27.71,23.168,25.439
2017,7,12,1.527,28.297,23.306,25.802
2017,7,13,2.443,27.272,22.638,24.955
2017,7,14,0.7597,27.397,23.032,25.215
2017,7,15,3.2129,26.259,22.853,24.556
2017,7,16,19.204,26.179,22.778,24.478
2017,7,17,11.528,25.58,22.032,23.806
2017,7,18,88.697,26.075,22.263,24.169
2017,7,19,115.08,27.871,22.678,25.274
2017,7,20,2.0107,27.772,23.457,25.614
2017,7,21,7.2417,29.176,24.227,26.701
2017,7,22,2.8651,28.953,24.727,26.84
2017,7,23,0,28.851,24.605,26.728
2017,7,24,0.0017813,28.341,23.88,26.11
2017,7,25,0.0046789,29.884,24.027,26.956
2017,7,26,26.92,28.538,24.028,26.283
2017,7,27,1.2817,29.002,23.229,26.116
2017,7,28,0.54169,29.334,23.27,26.302
2017,7,29,0.90424,30.507,23.789,27.148
2017,7,30,0.56928,30.137,24.355,27.246
2017,7,31,1.3893,31.114,24.359,27.736
2017,8,1,0.83443,31.068,24.549,27.809
2017,8,2,0.16672,29.854,24.368,27.111
2017,8,3,11.694,30.418,24.472,27.445
2017,8,4,2.1707,29.312,24.036,26.674
2017,8,5,5.2958,27.909,23.91,25.909
2017,8,6,18.939,28.427,23.406,25.916
2017,8,7,2.1982,28.365,24.134,26.249
2017,8,8,2.7092,27.691,23.312,25.501
2017,8,9,1.1635,27.733,22.876,25.305
2017,8,10,0.30823,28.97,22.91,25.94
2017,8,11,4.1742,29.681,23.677,26.679
2017,8,12,6.778,28.609,23.658,26.133
2017,8,13,1.2993,28.494,23.491,25.992
2017,8,14,45.359,28.187,22.668,25.428
2017,8,15,0.87677,29.533,23.434,26.483
2017,8,16,12.774,29.253,24.005,26.629
2017,8,17,5.3109,27.713,23.197,25.455
2017,8,18,17.991,26.307,22.687,24.497
2017,8,19,52.314,26.441,22.725,24.583
2017,8,20,4.1478,27.389,22.895,25.142
2017,8,21,2.0874,28.628,22.807,25.718
2017,8,22,0.8103,29.328,23.373,26.35
2017,8,23,0.63084,30.34,23.352,26.846
2017,8,24,13.186,29.388,23.305,26.347
2017,8,25,1.0617,29.343,23.156,26.249
2017,8,26,44.31,29.302,23.6,26.451
2017,8,27,6.2309,28.48,23.699,26.089
2017,8,28,24.061,26.517,23,24.758
2017,8,29,53.692,27.185,22.408,24.796
2017,8,30,0.52761,29.663,22.654,26.159
2017,8,31,1.0308,30.315,23.756,27.036
2017,9,1,39.236,30.656,24.135,27.396
2017,9,2,0.93139,30.259,23.183,26.721
2017,9,3,0.095001,31.265,23.696,27.481
2017,9,4,0.012659,31.145,23.828,27.486
2017,9,5,0.30854,31.52,24.322,27.921
2017,9,6,4.8035,29.947,23.524,26.735
2017,9,7,0.71738,31.011,23.912,27.461
2017,9,8,0,30.957,24.18,27.569
2017,9,9,7.3026,30.769,24.229,27.499
2017,9,10,1.0774,30.995,23.962,27.479
2017,9,11,0.060894,31.268,24.441,27.855
2017,9,12,0.8071,30.43,24.056,27.243
2017,9,13,45.432,29.75,23.115,26.433
2017,9,14,15.7,29.169,22.955,26.062
2017,9,15,15.005,29.88,22.801,26.341
2017,9,16,0,30.995,23.523,27.259
2017,9,17,0.19649,29.826,23.008,26.417
2017,9,18,0.72702,29.017,22.494,25.756
2017,9,19,8.4284,29.695,22.795,26.245
2017,9,20,62.164,28.178,22.966,25.572
2017,9,21,1.3361,29.05,23.043,26.047
2017,9,22,0.61785,29.591,22.657,26.124
2017,9,23,0,30.864,22.646,26.755
2017,9,24,0,31.583,23.026,27.304
2017,9,25,0.22845,31.661,22.941,27.301
2017,9,26,0,31.938,22.645,27.291
2017,9,27,0,31.394,22.95,27.172
2017,9,28,0.12089,30.333,22.876,26.605
2017,9,29,0.016302,30.156,22.774,26.465
2017,9,30,4.234,30.154,22.366,26.26
2017,10,1,18.63,29.934,23.035,26.484
2017,10,2,0,30.579,22.732,26.656
2017,10,3,0,30.359,22.335,26.347
2017,10,4,11.671,30.044,22.347,26.195
2017,10,5,2.1407,29.626,22.706,26.166
2017,10,6,0.018455,29.544,22.99,26.267
2017,10,7,9.9272,29.598,22.901,26.25
2017,10,8,0.78394,29.586,22.914,26.25
2017,10,9,17.096,29.453,23.125,26.289
2017,10,10,31.41,29.934,22.605,26.269
2017,10,11,20.506,30.789,23.534,27.161
2017,10,12,3.4535,30.85,23.318,27.084
2017,10,13,1.4886,30.943,23.221,27.082
2017,10,14,0,31.381,23.635,27.508
2017,10,15,0.019242,31.783,23.164,27.473
2017,10,16,0.93564,32.027,22.604,27.315
2017,10,17,0,32.04,21.645,26.842
2017,10,18,0,29.743,20.13,24.937
2017,10,19,0,28.753,21.213,24.983
2017,10,20,10.93,29.659,23.172,26.416
2017,10,21,2.7675,31.176,22.657,26.916
2017,10,22,0.3277,31.198,22.752,26.975
2017,10,23,0,31.224,22.733,26.978
2017,10,24,0,30.99,21.543,26.267
2017,10,25,0,30.905,20.625,25.765
2017,10,26,0,30.548,20.462,25.505
2017,10,27,0,30.407,20.087,25.247
2017,10,28,0,29.809,20.219,25.014
2017,10,29,0,29.627,19.149,24.388
2017,10,30,0,29.433,18.459,23.946
2017,10,31,0,28.971,17.414,23.193
2017,11,1,0.02315,28.642,17.476,23.059
2017,11,2,0,28.149,17.417,22.783
2017,11,3,0,28.151,17.099,22.625
2017,11,4,0,28.28,17.041,22.66
2017,11,5,0,29.078,18.031,23.554
2017,11,6,0,29.482,17.617,23.549
2017,11,7,0,29.606,17.589,23.598
2017,11,8,0,29.229,17.814,23.522
2017,11,9,0.21003,28.523,17.064,22.793
2017,11,10,0,27.749,16.036,21.893
2017,11,11,0.049834,27.069,15.226,21.148
2017,11,12,0.084776,27.003,15.783,21.393
2017,11,13,0.02491,28.237,16.907,22.572
2017,11,14,0,27.747,18.511,23.129
2017,11,15,0,27.343,19.387,23.365
2017,11,16,0.4867,26.376,19.427,22.901
2017,11,17,0.53974,27.25,19.998,23.624
2017,11,18,0,28.73,19.922,24.326
2017,11,19,0,29.272,19.835,24.554
2017,11,20,0,29.586,20.143,24.864
2017,11,21,0,29.103,19.577,24.34
2017,11,22,0,28.642,18.534,23.588
2017,11,23,0,28.402,18.546,23.474
2017,11,24,0,28.087,17.479,22.783
2017,11,25,0,27.102,14.989,21.046
2017,11,26,0,27.176,13.565,20.371
2017,11,27,0,27.384,13.669,20.527
2017,11,28,0,27.722,13.464,20.593
2017,11,29,0,26.896,13.326,20.111
2017,11,30,0,26.801,13.476,20.138
2017,12,1,0,26.406,13.376,19.891
2017,12,2,0,25.945,12.983,19.464
2017,12,3,0,25.837,12.354,19.095
2017,12,4,0,25.967,12.529,19.248
2017,12,5,0,26.064,13.124,19.594
2017,12,6,0,26.738,14.179,20.458
2017,12,7,0,26.886,14.796,20.841
2017,12,8,0,26.88,15.346,21.113
2017,12,9,0,27.037,16.101,21.569
2017,12,10,0,26.819,14.512,20.665
2017,12,11,0,27.738,13.888,20.813
2017,12,12,0,27.736,14.683,21.21
2017,12,13,0,27.891,15.896,21.893
2017,12,14,0,28.12,16.082,22.101
2017,12,15,0,27.969,15.513,21.741
2017,12,16,0,27.715,14.56,21.137
2017,12,17,0,27.171,14.144,20.657
2017,12,18,0,26.157,13.452,19.804
2017,12,19,0,25.913,11.269,18.591
2017,12,20,1.0724e-06,25.818,10.844,18.331
2017,12,21,0,25.948,11.736,18.842
2017,12,22,0,26.09,12.212,19.151
2017,12,23,0,26.419,12.626,19.523
2017,12,24,0,26.729,12.696,19.713
2017,12,25,0,26.546,13.186,19.866
2017,12,26,0,26.094,13.118,19.606
2017,12,27,0,26.13,10.562,18.346
2017,12,28,0,26.461,10.003,18.232
2017,12,29,0,27.048,10.573,18.81
2017,12,30,0,26.786,11.277,19.031
2017,12,31,0,26.84,11.738,19.289
2018,1,1,0,26.361,13.661,20.011
2018,1,2,0,26.26,13.249,19.755
2018,1,3,0,25.647,12.357,19.002
2018,1,4,0,25.906,10.579,18.242
2018,1,5,0,26.217,10.142,18.179
2018,1,6,0,25.6,10.205,17.903
2018,1,7,0,25.822,10.539,18.181
2018,1,8,4.5029e-07,25.256,10.779,18.017
2018,1,9,0,24.942,10.87,17.906
2018,1,10,1.5955e-06,25.932,11.382,18.657
2018,1,11,0.068046,26.892,11.977,19.435
2018,1,12,0,27.781,12.818,20.299
2018,1,13,0,27.675,13.572,20.624
2018,1,14,0,27.754,14.299,21.026
2018,1,15,0,27.688,14.653,21.17
2018,1,16,0.15827,27.721,12.684,20.202
2018,1,17,0,27.422,11.777,19.599
2018,1,18,0,27.38,11.691,19.536
2018,1,19,0,26.964,11.25,19.107
2018,1,20,0,26.931,10.936,18.934
2018,1,21,0,26.872,10.98,18.926
2018,1,22,0,26.806,11.194,19
2018,1,23,0,26.806,12.46,19.633
2018,1,24,0,27.514,13.413,20.463
2018,1,25,0,27.52,12.826,20.173
2018,1,26,0,26.78,11.881,19.33
2018,1,27,0,26.555,11.664,19.11
2018,1,28,0,27.217,12.323,19.77
2018,1,29,0,27.324,12.451,19.887
2018,1,30,0,27.986,11.917,19.952
2018,1,31,0.088216,29.198,11.993,20.595
2018,2,1,0,29.576,12.218,20.897
2018,2,2,0,30.061,12.077,21.069
2018,2,3,0,30.114,12.838,21.476
2018,2,4,0,30.188,13.551,21.869
2018,2,5,0,29.776,14.42,22.098
2018,2,6,0,29.825,15.043,22.434
2018,2,7,0,27.618,15.395,21.507
2018,2,8,0,30.224,16.788,23.506
2018,2,9,0,29.542,16.244,22.893
2018,2,10,0,28.441,16.236,22.339
2018,2,11,0,27.978,17.647,22.812
2018,2,12,4.0657,28.173,16.993,22.583
2018,2,13,0,28.172,16.802,22.487
2018,2,14,0.51585,27.921,15.894,21.908
2018,2,15,0,28.73,14.701,21.715
2018,2,16,0,28.982,14.077,21.53
2018,2,17,0,30.034,14.737,22.386
2018,2,18,0,30.791,15.089,22.94
2018,2,19,0,31.136,16.408,23.772
2018,2,20,0.046328,31.103,17.404,24.253
2018,2,21,0.071615,31.63,17.149,24.39
2018,2,22,8.5551e-07,32.434,16.176,24.305
2018,2,23,0,32.49,16.597,24.543
2018,2,24,0.014514,33.131,17.757,25.444
2018,2,25,0,33.504,17.341,25.422
2018,2,26,0,33.41,17.977,25.693
2018,2,27,0,33.581,18.322,25.951
2018,2,28,0,34.128,17.001,25.565
2018,3,1,0,34.188,17.446,25.817
2018,3,2,0.014041,34.429,17.614,26.022
2018,3,3,0,34.793,19.088,26.941
2018,3,4,0,34.617,18.996,26.806
2018,3,5,0,33.608,19.423,26.515
2018,3,6,0.0049574,33.689,19.159,26.424
2018,3,7,0,33.714,18.825,26.269
2018,3,8,0,32.769,19.609,26.189
2018,3,9,0,32.825,19.701,26.263
2018,3,10,0,33.81,19.394,26.602
2018,3,11,0,33.553,21.013,27.283
2018,3,12,0,33.809,20.33,27.069
2018,3,13,0,35.317,20.107,27.712
2018,3,14,0,35.53,19.407,27.468
2018,3,15,0,33.35,21.753,27.551
2018,3,16,0.0093409,29.102,22.406,25.754
2018,3,17,0.59196,30.622,18.809,24.716
2018,3,18,0,33.612,19.008,26.31
2018,3,19,0,34.47,19.967,27.218
2018,3,20,0,34.692,20.772,27.732
2018,3,21,0,35.068,21.606,28.337
2018,3,22,0,35.511,21.776,28.643
2018,3,23,0,35.983,21.189,28.586
2018,3,24,0,35.931,21.166,28.548
2018,3,25,0,35.091,21.597,28.344
2018,3,26,0.046292,35.504,21.832,28.668
2018,3,27,0,36.223,20.451,28.337
2018,3,28,0,37.029,20.541,28.785
2018,3,29,0.71814,37.051,22.635,29.843
2018,3,30,0.8506,37.099,23.332,30.215
2018,3,31,0,36.622,23.705,30.163
2018,4,1,5.8119,36.295,22.797,29.546
2018,4,2,1.1337,34.425,21.166,27.796
2018,4,3,0,35.842,22.825,29.333
2018,4,4,0,36.572,23.325,29.948
2018,4,5,0,36.431,22.859,29.645
2018,4,6,0,36.343,24.374,30.359
2018,4,7,0.80016,35.551,23.877,29.714
2018,4,8,0,32.319,21.382,26.85
2018,4,9,0,34.892,22.753,28.822
2018,4,10,0,34.66,22.209,28.435
2018,4,11,29.485,35.264,22.531,28.897
2018,4,12,0.018616,35.115,23.587,29.351
2018,4,13,4.1889,35.778,23.25,29.514
2018,4,14,0.096128,36.15,24.421,30.286
2018,4,15,1.3251,35.644,23.962,29.803
2018,4,16,0.077646,37.809,24.347,31.078
2018,4,17,0,38.07,25.407,31.739
2018,4,18,0,38.515,25.203,31.859
2018,4,19,0,38.075,24.58,31.327
2018,4,20,0.44476,38.641,25.903,32.272
2018,4,21,0.4261,38.202,25.711,31.957
2018,4,22,0,38.115,26.112,32.114
2018,4,23,0.021902,38.189,25.904,32.046
2018,4,24,1.3463,37.318,24.959,31.138
2018,4,25,0.34079,37.574,23.835,30.705
2018,4,26,0,38.272,24.944,31.608
2018,4,27,0.39862,37.914,25.192,31.553
2018,4,28,0,38.121,26.218,32.169
2018,4,29,0.016096,37.936,26.173,32.054
2018,4,30,0,38.715,26.194,32.454
2018,5,1,0.063787,36.63,25.742,31.186
2018,5,2,26.109,36.46,24.805,30.633
2018,5,3,0.46074,33.05,23.502,28.276
2018,5,4,0,35.572,22.336,28.954
2018,5,5,0,37.843,25.866,31.855
2018,5,6,0.050441,38.58,27.426,33.003
2018,5,7,0,39.383,27.644,33.513
2018,5,8,0,39.606,27.678,33.642
2018,5,9,0.0052895,39.319,27.251,33.285
2018,5,10,0.013908,38.683,26.721,32.702
2018,5,11,0.011613,39.184,27.456,33.32
2018,5,12,0.087996,38.751,26.092,32.421
2018,5,13,0.50469,36.871,24.583,30.727
2018,5,14,0,36.333,24.664,30.498
2018,5,15,0.015669,35.678,23.652,29.665
2018,5,16,0,37.427,25.684,31.556
2018,5,17,0.017384,38.164,26.484,32.324
2018,5,18,1.508,38.646,27.153,32.899
2018,5,19,0,38.803,27.582,33.193
2018,5,20,0.31838,38.812,28.204,33.508
2018,5,21,0,36.985,27.235,32.11
2018,5,22,0,38.435,27.878,33.156
2018,5,23,0,36.829,26.873,31.851
2018,5,24,0,38.142,27.076,32.609
2018,5,25,0,38.652,27.211,32.931
2018,5,26,0.65415,38.317,28.109,33.213
2018,5,27,0,37.773,26.81,32.292
2018,5,28,0,38.951,27.975,33.463
2018,5,29,0.042379,39.684,27.971,33.827
2018,5,30,0,39.69,28.692,34.191
2018,5,31,16.694,36.004,27.038,31.521
2018,6,1,0.2155,37.124,26.227,31.675
2018,6,2,7.1433,34.172,25.317,29.744
2018,6,3,0.016897,36.614,25.415,31.015
2018,6,4,0.17358,36.39,25.962,31.176
2018,6,5,0.37494,35.55,26.195,30.873
2018,6,6,0.20759,35.247,26.742,30.995
2018,6,7,12.234,34.914,25.724,30.319
2018,6,8,0,32.806,24.314,28.56
2018,6,9,0.01117,32.478,25.189,28.833
2018,6,10,0,32.214,24.252,28.233
2018,6,11,1.0411,31.237,24.493,27.865
2018,6,12,3.2095,31.26,24.117,27.688
2018,6,13,0.33368,32.761,24.496,28.629
2018,6,14,0.35458,34.575,26.498,30.536
2018,6,15,1.6714,35.574,27.394,31.484
2018,6,16,3.1765,35.526,27.263,31.395
2018,6,17,0.88552,35.781,27.426,31.604
2018,6,18,0.29718,35.132,27.531,31.332
2018,6,19,2.6221,35.332,26.584,30.958
2018,6,20,24.632,35.146,26.745,30.945
2018,6,21,5.7529,34.169,27.073,30.621
2018,6,22,17.133,29.834,24.466,27.15
2018,6,23,0.10039,31.751,24.828,28.289
2018,6,24,0,32.056,25.434,28.745
2018,6,25,3.0397e-06,32.385,26.311,29.348
2018,6,26,0,30.155,25.145,27.65
2018,6,27,0.0030719,26.954,23.025,24.989
2018,6,28,40.187,25.794,22.244,24.019
2018,6,29,7.6539,28.008,22.067,25.037
2018,6,30,0.019308,30.673,23.666,27.17
2018,7,1,0,29.919,24.136,27.027
2018,7,2,11.048,30.296,23.95,27.123
2018,7,3,0.3409,28.647,23.172,25.91
2018,7,4,0,29.993,24.043,27.018
2018,7,5,0,29.091,23.515,26.303
2018,7,6,1.2792,27.657,23.498,25.578
2018,7,7,0.012119,27.783,23.193,25.488
2018,7,8,7.5175,27.913,23.044,25.479
2018,7,9,60.814,27.032,23.077,25.055
2018,7,10,1.5985,26.522,23.119,24.821
2018,7,11,0.098687,26.045,23.177,24.611
2018,7,12,3.8793,25.54,22.616,24.078
2018,7,13,18.426,26.792,22.703,24.748
2018,7,14,6.8844,25.973,23.071,24.522
2018,7,15,3.1361,26.085,23.229,24.657
2018,7,16,77.68,25.998,22.826,24.412
2018,7,17,8.5159,26.85,22.962,24.906
2018,7,18,0.25778,28.886,23.569,26.227
2018,7,19,0.0089438,28.655,24.055,26.355
2018,7,20,0.0052673,26.768,23.482,25.125
2018,7,21,46.32,25.995,22.594,24.294
2018,7,22,50.419,25.967,22.898,24.433
2018,7,23,17.367,27.674,23.381,25.527
2018,7,24,0.55522,28.518,23.733,26.125
2018,7,25,1.654,28.643,24.041,26.342
2018,7,26,1.3247,28.072,24.158,26.115
2018,7,27,0,28.553,23.464,26.009
2018,7,28,5.3051e-07,28.904,23.831,26.368
2018,7,29,0.10458,29.502,23.97,26.736
2018,7,30,0.0059547,29.411,24.508,26.959
2018,7,31,0.0027709,29.362,24.384,26.873
2018,8,1,0.096174,29.56,23.861,26.711
2018,8,2,0.79309,29.126,23.943,26.534
2018,8,3,2.0319,29.868,23.682,26.775
2018,8,4,0,30.79,24.412,27.601
2018,8,5,0,30.268,24.536,27.402
2018,8,6,0,28.712,24.468,26.59
2018,8,7,26.182,25.747,22.877,24.312
2018,8,8,81.282,26.077,22.29,24.184
2018,8,9,7.7032,28.532,22.662,25.597
2018,8,10,0.9198,28.437,23.769,26.103
2018,8,11,0.80516,27.491,23.447,25.469
2018,8,12,13.49,27.066,22.562,24.814
2018,8,13,51.861,26.768,22.795,24.781
2018,8,14,10.058,27.153,22.745,24.949
2018,8,15,25.601,26.19,23.211,24.7
2018,8,16,81.51,26.842,22.873,24.857
2018,8,17,0.4741,27.093,23.052,25.073
2018,8,18,0,27.085,23.164,25.124
2018,8,19,1.6231,27.001,23.13,25.066
2018,8,20,63.487,26.332,22.114,24.223
2018,8,21,13.674,27.831,22.467,25.149
2018,8,22,0,27.99,22.744,25.367
2018,8,23,0,28.428,23.27,25.849
2018,8,24,3.3122,28.556,23.17,25.863
2018,8,25,0.21439,27.427,22.939,25.183
2018,8,26,12.357,25.889,22.511,24.2
2018,8,27,85.389,25.546,21.753,23.65
2018,8,28,5.8608,26.982,22.664,24.823
2018,8,29,1.3636,28.052,22.846,25.449
2018,8,30,2.6264,28.936,23.323,26.129
2018,8,31,0.93722,27.767,22.894,25.331
2018,9,1,1.6363,27.826,22.998,25.412
2018,9,2,0.083092,28.624,22.806,25.715
2018,9,3,0,29.019,22.818,25.919
2018,9,4,0.22954,29.455,22.958,26.206
2018,9,5,0.28245,28.142,22.928,25.535
2018,9,6,43.915,26.444,22.59,24.517
2018,9,7,13.38,25.674,22.12,23.897
2018,9,8,2.3007,28.604,21.84,25.222
2018,9,9,0,30.031,22.49,26.261
2018,9,10,0.048108,31.025,23.471,27.248
2018,9,11,0.5091,30.914,23.173,27.043
2018,9,12,0.38388,31.011,23.388,27.2
2018,9,13,0.18056,30.716,23.071,26.894
2018,9,14,0.64444,31.161,23.412,27.287
2018,9,15,3.0839,31.487,23.458,27.472
2018,9,16,4.8446,31.191,23.749,27.47
2018,9,17,0.21076,30.286,22.592,26.439
2018,9,18,0.20411,30.598,22.606,26.602
2018,9,19,4.7177,30.457,22.602,26.53
2018,9,20,2.3074,27.62,22.806,25.213
2018,9,21,51.529,25.663,21.982,23.822
2018,9,22,11.115,28.754,21.214,24.984
2018,9,23,0,30.556,22.744,26.65
2018,9,24,0.2226,30.731,23.316,27.024
2018,9,25,0.15167,31.362,22.902,27.132
2018,9,26,0.40497,31.404,22.625,27.015
2018,9,27,0,31.157,22.69,26.924
2018,9,28,0,31.734,22.975,27.355
2018,9,29,0,31.853,23.362,27.607
2018,9,30,0,32.199,23.348,27.774
2018,10,1,0.44673,32.006,22.941,27.473
2018,10,2,0.0098081,32.072,22.908,27.49
2018,10,3,0.20348,32.073,22.873,27.473
2018,10,4,0.044664,31.671,22.766,27.219
2018,10,5,0,31.699,22.354,27.026
2018,10,6,0,31.612,21.892,26.752
2018,10,7,0,32.144,22.43,27.287
2018,10,8,0,32.088,21.793,26.941
2018,10,9,0,31.73,21.051,26.391
2018,10,10,0,29.722,20.383,25.053
2018,10,11,0,27.769,20.667,24.218
2018,10,12,0.15365,28.8,20.893,24.846
2018,10,13,0,30.417,21.444,25.931
2018,10,14,0,31.063,21.335,26.199
2018,10,15,0,30.326,20.966,25.646
2018,10,16,0,30.863,20.356,25.609
2018,10,17,0,30.902,20.364,25.633
2018,10,18,0,31.094,20.362,25.728
2018,10,19,0,31.575,20.275,25.925
2018,10,20,0,31.242,20.444,25.843
2018,10,21,0,32.154,20.843,26.499
2018,10,22,0,31.657,20.387,26.022
2018,10,23,0.0049301,31.286,20.386,25.836
2018,10,24,0,30.748,20.524,25.636
2018,10,25,0,30.679,18.618,24.649
2018,10,26,0,30.625,17.87,24.247
2018,10,27,0,29.448,16.963,23.206
2018,10,28,0,28.556,17.158,22.857
2018,10,29,0,28.434,17.085,22.759
2018,10,30,0,28.775,17.708,23.241
2018,10,31,0,28.863,18.334,23.599
2018,11,1,0,29.394,19.258,24.326
2018,11,2,0,30.169,20.13,25.149
2018,11,3,0,31.118,20.608,25.863
2018,11,4,0,31.564,21.163,26.364
2018,11,5,0,31.139,20.867,26.003
2018,11,6,0,31.303,20.471,25.887
2018,11,7,0,30.938,19.929,25.433
2018,11,8,1.512e-06,30.292,19.252,24.772
2018,11,9,0,29.912,18.596,24.254
2018,11,10,0.025537,29.589,17.274,23.431
2018,11,11,0,29.123,15.844,22.483
2018,11,12,0,28.506,15.631,22.069
2018,11,13,0,29.144,15.277,22.21
2018,11,14,0.017714,29.845,15.718,22.782
2018,11,15,0,29.973,16.671,23.322
2018,11,16,0.40246,30.871,17.264,24.067
2018,11,17,0.47321,30.316,17.801,24.059
2018,11,18,0,30.314,18.539,24.426
2018,11,19,0,30.573,18.957,24.765
2018,11,20,0,29.968,18.99,24.479
2018,11,21,0,29.697,17.946,23.822
2018,11,22,0,29.087,17.319,23.203
2018,11,23,0,28.521,16.952,22.737
2018,11,24,0,28.595,15.182,21.888
2018,11,25,0,28.194,13.483,20.839
2018,11,26,0,28.027,13.082,20.554
2018,11,27,0,27.216,13.015,20.116
2018,11,28,0,27.66,14.455,21.057
2018,11,29,0,27.741,14.501,21.121
2018,11,30,0,27.222,14.652,20.937
2018,12,1,0,27.033,14.878,20.955
2018,12,2,0,26.706,14.424,20.565
2018,12,3,0,26.937,14.504,20.721
2018,12,4,0,27.211,15.382,21.296
2018,12,5,0,27.376,17.019,22.197
2018,12,6,0,27.717,17.207,22.462
2018,12,7,0,27.404,17.333,22.369
2018,12,8,0,27.472,17.042,22.257
2018,12,9,0,27.227,17.436,22.331
2018,12,10,0,26.576,17.636,22.106
2018,12,11,0,26.164,17.527,21.846
2018,12,12,0,27.326,17.014,22.17
2018,12,13,9.2138,25.187,17.348,21.267
2018,12,14,24.098,25.687,16.371,21.029
2018,12,15,0,25.219,15.397,20.308
2018,12,16,0,22.638,15.494,19.066
2018,12,17,103.61,18.442,13.685,16.063
2018,12,18,97.262,20.192,14.106,17.149
2018,12,19,0,22.847,12.601,17.724
2018,12,20,0,24.043,12.195,18.119
2018,12,21,0,24.663,12.313,18.488
2018,12,22,0,24.525,11.806,18.165
2018,12,23,0,24.879,12.242,18.56
2018,12,24,0,25.138,11.942,18.54
2018,12,25,0,25.216,12.131,18.673
2018,12,26,0,25.662,13.219,19.44
2018,12,27,0,25.144,14.278,19.711
2018,12,28,0,23.91,12.384,18.147
2018,12,29,0,23.156,9.9628,16.559
2018,12,30,0,23.125,8.6369,15.881
2018,12,31,0,23.517,7.9774,15.747
2019,1,1,0,24.902,8.5197,16.711
2019,1,2,0,26.072,9.3775,17.725
2019,1,3,0,26.069,10.485,18.277
2019,1,4,0,25.803,10.266,18.035
2019,1,5,0,26.124,11.42,18.772
2019,1,6,0.020009,25.67,11.98,18.825
2019,1,7,0.038405,25.802,11.992,18.897
2019,1,8,0,25.2,11.469,18.335
2019,1,9,0,24.627,10.291,17.459
2019,1,10,0,25.152,10.873,18.012
2019,1,11,0,25.168,11.685,18.427
2019,1,12,0.05697,25.623,12.489,19.056
2019,1,13,0,25.923,13.736,19.829
2019,1,14,0,25.698,13.662,19.68
2019,1,15,0,25.545,12.599,19.072
2019,1,16,0,25.737,11.308,18.522
2019,1,17,0,26.528,11.21,18.869
2019,1,18,0,26.939,11.944,19.442
2019,1,19,0,26.886,12.356,19.621
2019,1,20,0,27.65,11.382,19.516
2019,1,21,0.026973,28.083,11.601,19.842
2019,1,22,0,27.898,13.27,20.584
2019,1,23,0,27.659,13.672,20.665
2019,1,24,1.2364e-06,27.584,14.332,20.958
2019,1,25,0,26.002,14.935,20.468
2019,1,26,0.33013,23.617,15.794,19.706
2019,1,27,3.0583,22.139,15.322,18.73
2019,1,28,3.9726,22.621,14.384,18.503
2019,1,29,0.087184,23.955,12.02,17.988
2019,1,30,0,23.858,9.9343,16.896
2019,1,31,0,28.963,10.783,19.873
2019,2,1,0,26.56,12.327,19.443
2019,2,2,0,26.935,12.9,19.917
2019,2,3,0,28.102,13.064,20.583
2019,2,4,0,28.441,13.107,20.774
2019,2,5,0,28.483,13.606,21.044
2019,2,6,0,29.206,13.656,21.431
2019,2,7,0,29.138,14.733,21.936
2019,2,8,0,27.338,15.923,21.631
2019,2,9,0.092856,26.452,14.804,20.628
2019,2,10,0,26.868,12.255,19.561
2019,2,11,0,27.813,13.057,20.435
2019,2,12,0,28.392,14.346,21.369
2019,2,13,0,29.996,14.454,22.225
2019,2,14,0,30.39,15.013,22.701
2019,2,15,0,29.6,16.422,23.011
2019,2,16,6.9791,28.045,16.589,22.317
2019,2,17,0.63872,28.526,17.087,22.806
2019,2,18,0,29.377,15.779,22.578
2019,2,19,0,31.208,16.421,23.814
2019,2,20,0,31.441,17.597,24.519
2019,2,21,1.9248e-07,32.526,18.474,25.5
2019,2,22,0,33.691,19.065,26.378
2019,2,23,0,33.613,19.749,26.681
2019,2,24,0,33.622,18.946,26.284
2019,2,25,0.02376,32.718,19.364,26.041
2019,2,26,0,30.98,18.67,24.825
2019,2,27,8.3358e-07,30.906,18.846,24.876
2019,2,28,11.576,30.028,18.181,24.105
2019,3,1,0.24289,30.05,17.368,23.709
2019,3,2,0,30.336,18.533,24.435
2019,3,3,0.059301,30.202,19.674,24.938
2019,3,4,0.19727,32.031,20.088,26.06
2019,3,5,0,31.962,20.305,26.134
2019,3,6,0,32.106,19.041,25.573
2019,3,7,0,31.551,17.394,24.472
2019,3,8,0,32.289,17.737,25.013
2019,3,9,0,33.447,18.356,25.901
2019,3,10,0.016167,33.257,19.879,26.568
2019,3,11,0,34.611,20.774,27.692
2019,3,12,0,34.611,21.892,28.251
2019,3,13,1.1478,34.723,21.608,28.165
2019,3,14,0,34.984,21.311,28.147
2019,3,15,0.91606,34.694,21.437,28.065
2019,3,16,0.59816,33.67,20.557,27.113
2019,3,17,0,33.523,21.098,27.311
2019,3,18,0.28407,31.306,19.759,25.533
2019,3,19,0,33.442,20.287,26.864
2019,3,20,0,33.64,21.487,27.563
2019,3,21,3.6628,33.301,21.028,27.165
2019,3,22,0,34.02,21.025,27.523
2019,3,23,0,34.782,21.425,28.103
2019,3,24,0,35.081,20.513,27.797
2019,3,25,0,35.498,20.367,27.932
2019,3,26,0,35.688,21.585,28.637
2019,3,27,0,35.687,22.314,29.001
2019,3,28,0,36.175,21.358,28.766
2019,3,29,0,36.619,21.098,28.859
2019,3,30,0.88356,37.718,22.12,29.919
2019,3,31,0,37.78,23.545,30.663
2019,4,1,0,37.521,23.364,30.442
2019,4,2,0.0047148,36.775,23.263,30.019
2019,4,3,0,37.118,23.03,30.074
2019,4,4,0,36.834,23.596,30.215
2019,4,5,0,37.552,24.027,30.789
2019,4,6,8.712,37.796,24.226,31.011
2019,4,7,0,37.136,23.339,30.238
2019,4,8,0,36.711,23.698,30.204
2019,4,9,0,36.67,23.904,30.287
2019,4,10,9.2115,37.672,23.786,30.729
2019,4,11,0.00063672,38.247,23.497,30.872
2019,4,12,5.9723,38.168,24.662,31.415
2019,4,13,0,38.264,23.152,30.708
2019,4,14,0.06173,39.011,24.19,31.6
2019,4,15,0.10723,38.968,25,31.984
2019,4,16,0.053051,37.565,24.628,31.097
2019,4,17,0,35.85,23.053,29.452
2019,4,18,0,35.837,23.319,29.578
2019,4,19,0.39864,35.334,22.713,29.024
2019,4,20,0.528,35.443,23.096,29.27
2019,4,21,0.097003,35.623,23.339,29.481
2019,4,22,0.00022503,36.463,22.857,29.66
2019,4,23,0,37.679,23.457,30.568
2019,4,24,0,37.969,23.934,30.952
2019,4,25,0,38.882,25.943,32.413
2019,4,26,0,39.424,26.207,32.816
2019,4,27,1.1484,39.733,26.581,33.157
2019,4,28,0.045747,39.751,26.678,33.214
2019,4,29,0,39.801,26.964,33.383
2019,4,30,0,39.493,26.85,33.171
2019,5,1,0.00043691,38.252,26.777,32.515
2019,5,2,0,37.119,26.344,31.732
2019,5,3,0,37.165,24.954,31.06
2019,5,4,0.73456,38.887,26.356,32.622
2019,5,5,0.11616,38.926,26.451,32.689
2019,5,6,0,39.015,25.933,32.474
2019,5,7,0.031112,39.889,27.725,33.807
2019,5,8,0,40.449,27.788,34.118
2019,5,9,0,40.487,27.464,33.975
2019,5,10,0,40.282,26.853,33.567
2019,5,11,0,39.063,27.536,33.3
2019,5,12,0,38.627,26.555,32.591
2019,5,13,0.0074928,38.439,26.684,32.562
2019,5,14,4.1847,38.2,26.409,32.304
2019,5,15,0.61422,38.044,26.886,32.465
2019,5,16,0,38.453,26.298,32.376
2019,5,17,0.065838,39.318,27.307,33.312
2019,5,18,0,39.778,27.661,33.72
2019,5,19,0.047977,39.775,27.033,33.404
2019,5,20,0.58617,39.43,27.461,33.445
2019,5,21,0.57507,39.744,27.826,33.785
2019,5,22,3.2592,39.749,27.774,33.761
2019,5,23,0,39.848,28.075,33.962
2019,5,24,0,39.938,28.426,34.182
2019,5,25,0,41.024,28.994,35.009
2019,5,26,0,41.041,29.248,35.145
2019,5,27,0,40.61,28.656,34.633
2019,5,28,0.56663,40.426,27.711,34.069
2019,5,29,12.067,39.609,27.345,33.477
2019,5,30,34.877,38.874,27.322,33.098
2019,5,31,0,39.489,28.3,33.895
2019,6,1,2.3988,37.721,27.896,32.808
2019,6,2,0.66103,39.138,27.605,33.372
2019,6,3,0.058355,36.906,27.22,32.063
2019,6,4,1.2736,37.215,25.34,31.277
2019,6,5,0,39.23,28.438,33.834
2019,6,6,0.053072,38.786,29.382,34.084
2019,6,7,0.81539,37.719,27.571,32.645
2019,6,8,1.0005,37.513,27.579,32.546
2019,6,9,1.13,38.515,28.099,33.307
2019,6,10,0.23035,38.351,28.798,33.574
2019,6,11,0.095573,38.965,28.919,33.942
2019,6,12,1.651,38.337,29.995,34.166
2019,6,13,0.15261,36.997,28.697,32.847
2019,6,14,0.31379,37.546,28.577,33.062
2019,6,15,0,38.049,28.97,33.51
2019,6,16,0,36.39,28.116,32.253
2019,6,17,58.129,34.026,26.143,30.084
2019,6,18,12.785,35.773,26.956,31.364
2019,6,19,0,36.729,28.236,32.482
2019,6,20,1.3848,35.022,27.426,31.224
2019,6,21,31.271,30.715,23.776,27.245
2019,6,22,37.119,30.233,25.012,27.622
2019,6,23,43.433,30.479,24.096,27.288
2019,6,24,2.3709,31.531,24.343,27.937
2019,6,25,0.94258,32.372,25.847,29.11
2019,6,26,0.31637,32.99,26.514,29.752
2019,6,27,0.46149,32.885,25.918,29.402
2019,6,28,0.17476,31.394,25.563,28.478
2019,6,29,15.822,30.273,24.927,27.6
2019,6,30,0.70591,28.872,23.767,26.32
2019,7,1,5.8233,28.498,23.412,25.955
2019,7,2,14.795,27.218,22.853,25.035
2019,7,3,19.853,28.043,23.529,25.786
2019,7,4,1.3025,29.202,23.935,26.568
2019,7,5,28.519,27.405,23.853,25.629
2019,7,6,49.385,26.826,22.582,24.704
2019,7,7,2.2303,28.485,23.446,25.965
2019,7,8,0.036166,29.383,23.817,26.6
2019,7,9,0.14231,29.573,23.993,26.783
2019,7,10,1.2373,30.027,24.317,27.172
2019,7,11,0.4689,30.179,24.805,27.492
2019,7,12,0,30.607,24.446,27.527
2019,7,13,0.73913,30.842,24.948,27.895
2019,7,14,3.1044,31.116,24.766,27.941
2019,7,15,0.58803,31.443,25.385,28.414
2019,7,16,4.9974,32.156,25.1,28.628
2019,7,17,0.18542,32.771,25.48,29.126
2019,7,18,34.439,32.288,24.685,28.486
2019,7,19,3.1448,30.553,24.005,27.279
2019,7,20,0.58762,29.514,24.179,26.846
2019,7,21,1.7128,30.938,24.836,27.887
2019,7,22,0.97547,31.348,25.413,28.38
2019,7,23,1.4341,31.175,25.22,28.197
2019,7,24,8.374,31.76,25.5,28.63
2019,7,25,0.86245,29.943,25.151,27.547
2019,7,26,61.099,25.687,22.588,24.138
2019,7,27,33.459,26.444,22.441,24.443
2019,7,28,2.5895,25.381,22.351,23.866
2019,7,29,51.046,25.075,22.031,23.553
2019,7,30,85.297,26.274,22.511,24.392
2019,7,31,0.92261,26.608,22.293,24.451
2019,8,1,1.3984,26.18,22.492,24.336
2019,8,2,2.6945,25.103,22.322,23.713
2019,8,3,29.964,24.88,22.151,23.515
2019,8,4,0.34722,26.882,22.805,24.844
2019,8,5,0.73359,27.914,23.73,25.822
2019,8,6,0.63643,25.479,23.091,24.285
2019,8,7,14.28,24.671,22.353,23.512
2019,8,8,91.299,24.977,21.914,23.445
2019,8,9,3.6684,28.046,21.955,25
2019,8,10,0.791,29.609,23.18,26.394
2019,8,11,0.020824,30.069,24.494,27.281
2019,8,12,0.24338,28.668,24.358,26.513
2019,8,13,39.248,26.964,23.701,25.333
2019,8,14,22.513,27.26,23.041,25.15
2019,8,15,0.10212,29.358,23.779,26.569
2019,8,16,0,30.157,24.656,27.407
2019,8,17,7.8273,29.702,24.502,27.102
2019,8,18,25.214,28.211,23.944,26.078
2019,8,19,10.796,29.393,23.914,26.653
2019,8,20,0.5837,29.058,24.328,26.693
2019,8,21,0.27975,29.697,24.426,27.062
2019,8,22,1.5267,29.054,22.978,26.016
2019,8,23,0.4585,28.034,23.114,25.574
2019,8,24,7.8287,28.932,23.155,26.043
2019,8,25,22.975,27.659,23.003,25.331
2019,8,26,21.484,27.983,23.189,25.586
2019,8,27,1.9273,28.579,23.175,25.877
2019,8,28,0.27959,29.231,23.586,26.409
2019,8,29,0.12032,30.238,24.006,27.122
2019,8,30,0.70485,29.993,23.894,26.944
2019,8,31,16.539,29.107,22.794,25.95
2019,9,1,13.006,28.658,23.023,25.841
2019,9,2,18.411,27.664,22.549,25.107
2019,9,3,30.252,26.893,22.774,24.833
2019,9,4,25.874,27.144,22.704,24.924
2019,9,5,6.2232,27.55,22.854,25.202
2019,9,6,12.462,27.022,22.944,24.983
2019,9,7,10.928,26.627,22.887,24.757
2019,9,8,52.12,27.559,23.379,25.469
2019,9,9,3.4363,29.368,23.579,26.473
2019,9,10,0.34394,29.312,23.828,26.57
2019,9,11,1.2256,26.901,23.379,25.14
2019,9,12,0.6145,26.074,22.681,24.377
2019,9,13,1.4648,28.383,22.79,25.587
2019,9,14,0.70043,29.008,23.207,26.107
2019,9,15,0.46953,29.271,23.515,26.393
2019,9,16,0,29.875,23.967,26.921
2019,9,17,1.406,30.668,24.006,27.337
2019,9,18,17.022,29.255,22.96,26.108
2019,9,19,17.524,29.313,22.967,26.14
2019,9,20,0.68028,29.69,23.303,26.496
2019,9,21,1.8788,30.445,23.176,26.811
2019,9,22,0.057527,30.425,23.116,26.77
2019,9,23,0.010455,30.201,23.077,26.639
2019,9,24,0.35201,28.653,22.6,25.626
2019,9,25,18.651,27.45,21.973,24.711
2019,9,26,2.576,27.348,22.076,24.712
2019,9,27,2.4473,28.831,21.932,25.382
2019,9,28,1.6417,29.052,22.293,25.672
2019,9,29,0.34692,29.432,22.233,25.833
2019,9,30,2.7304,29.273,21.697,25.485
2019,10,1,1.8752,29.975,22.554,26.265
2019,10,2,4.1788,29.757,22.271,26.014
2019,10,3,8.5697,30.397,22.003,26.2
2019,10,4,0.21534,30.384,22.585,26.484
2019,10,5,0.033177,30.302,22.607,26.454
2019,10,6,0.30507,30.309,22.394,26.352
2019,10,7,11.687,29.969,21.646,25.807
2019,10,8,0.2092,28.914,21.826,25.37
2019,10,9,1.6453,29.401,21.587,25.494
2019,10,10,0.75326,29.719,21.992,25.855
2019,10,11,0.3495,29.823,21.807,25.815
2019,10,12,4.1937,29.735,21.676,25.706
2019,10,13,15.508,29.844,21.497,25.671
2019,10,14,0,30.379,21.508,25.943
2019,10,15,0,30.201,21.309,25.755
2019,10,16,0,28.715,21.015,24.865
2019,10,17,0,29.638,20.957,25.298
2019,10,18,3.4984,29.39,21.28,25.335
2019,10,19,11.126,28.23,20.967,24.598
2019,10,20,0,28.291,20.918,24.604
2019,10,21,21.173,28.37,21.455,24.913
2019,10,22,0,27.238,20.609,23.924
2019,10,23,0,26.354,20.798,23.576
2019,10,24,0.83992,26.026,20.41,23.218
2019,10,25,32.164,26.621,20.529,23.575
2019,10,26,11.763,28.533,21.032,24.782
2019,10,27,5.0816,29.062,21.233,25.148
2019,10,28,0,29.397,21.643,25.52
2019,10,29,0,29.343,21.425,25.384
2019,10,30,0,29.303,21.779,25.541
2019,10,31,0.71495,28.708,20.602,24.655
2019,11,1,1.9957,29.836,21.528,25.682
2019,11,2,0,29.575,21.406,25.491
2019,11,3,0,29.46,20.48,24.97
2019,11,4,0,29.949,20.312,25.13
2019,11,5,0.013809,29.844,20.512,25.178
2019,11,6,0,29.474,19.95,24.712
2019,11,7,0.075283,28.667,18.888,23.777
2019,11,8,0,27.58,18.497,23.038
2019,11,9,0,27.953,17.58,22.766
2019,11,10,0,28.933,17.91,23.421
2019,11,11,0.01756,28.681,18.099,23.39
2019,11,12,0,27.989,17.489,22.739
2019,11,13,0,27.518,16.714,22.116
2019,11,14,0,27.253,16.236,21.745
2019,11,15,0.017607,27.602,16.294,21.948
2019,11,16,0.026914,28.573,16.72,22.647
2019,11,17,0.061044,28.831,17.427,23.129
2019,11,18,0.02846,28.283,17.04,22.662
2019,11,19,0,28.361,16.774,22.567
2019,11,20,0,27.916,16.795,22.356
2019,11,21,6.3949e-07,27.977,16.775,22.376
2019,11,22,0,27.621,16.408,22.014
2019,11,23,0,27.847,15.952,21.9
2019,11,24,0,27.581,15.64,21.61
2019,11,25,0,27.941,15.885,21.913
2019,11,26,0,28.117,16.162,22.139
2019,11,27,0,27.941,16.496,22.219
2019,11,28,0,27.676,16.439,22.058
2019,11,29,0,28.038,16.774,22.406
2019,11,30,0.016004,27.781,16.78,22.281
2019,12,1,0,27.59,17.446,22.518
2019,12,2,0.11183,26.256,18.374,22.315
2019,12,3,0,27.494,17.548,22.521
2019,12,4,6.0631e-07,27.079,16.386,21.733
2019,12,5,0,26.027,14.876,20.451
2019,12,6,0,25.743,12.92,19.332
2019,12,7,0,26.194,13.336,19.765
2019,12,8,0,26.862,14.794,20.828
2019,12,9,0,26.95,15.39,21.17
2019,12,10,0,26.438,15.123,20.781
2019,12,11,0,26.658,14.894,20.776
2019,12,12,0.27627,26.731,15.134,20.932
2019,12,13,4.722e-07,26.774,16.814,21.794
2019,12,14,0,27.843,17.8,22.822
2019,12,15,0,26.988,17.129,22.058
2019,12,16,0,25.666,16.307,20.986
2019,12,17,0,25.704,16.207,20.955
2019,12,18,0,25.597,15.846,20.721
2019,12,19,0,25.013,14.132,19.572
2019,12,20,0,25.637,14.057,19.847
2019,12,21,0,25.203,14.022,19.612
2019,12,22,0,26.203,14.431,20.317
2019,12,23,0,25.576,15.271,20.423
2019,12,24,0,26.296,15.367,20.832
2019,12,25,0,26.657,15.659,21.158
2019,12,26,0.014302,23.457,16.991,20.224
2019,12,27,0.0053528,24.46,15.734,20.097
2019,12,28,0,23.07,11.199,17.135
2019,12,29,0,23.089,9.6139,16.352
2019,12,30,0,23.982,10.32,17.151
2019,12,31,0,23.337,11.926,17.631
2020,1,1,0,24.278,14.062,19.17
2020,1,2,0,23.087,14.86,18.974
2020,1,3,9.9665,21.994,14.99,18.492
2020,1,4,10.332,22.458,15.499,18.978
2020,1,5,0.044142,24.12,14.649,19.385
2020,1,6,0,24.918,12.786,18.852
2020,1,7,0,25.493,13.738,19.616
2020,1,8,0.029034,24.833,15.287,20.06
2020,1,9,0.17979,24.677,16.224,20.45
2020,1,10,0.63261,23.85,14.743,19.297
2020,1,11,0,23.717,12.355,18.036
2020,1,12,0,24.503,11.265,17.884
2020,1,13,0,26.092,11.35,18.721
2020,1,14,0.013193,26.66,12.495,19.577
2020,1,15,0,26.815,13.718,20.267
2020,1,16,0,26.774,14.19,20.482
2020,1,17,0,26.445,15.046,20.746
2020,1,18,0,26.996,15.976,21.486
2020,1,19,4.0992e-07,26.203,15.664,20.934
2020,1,20,0,25.26,14.862,20.061
2020,1,21,0,27.151,14.947,21.049
2020,1,22,0,27.584,15.948,21.766
2020,1,23,0.025331,27.795,16.226,22.011
2020,1,24,0,27.164,15.243,21.203
2020,1,25,0,27.443,14.216,20.83
2020,1,26,0,27.788,14.604,21.196
2020,1,27,0.037647,28.416,13.912,21.164
2020,1,28,0.09893,28.57,16.933,22.751
2020,1,29,0,28.525,17.859,23.192
2020,1,30,0.0026404,27.336,16.727,22.032
2020,1,31,0,26.546,15.066,20.806
2020,2,1,0,25.984,15.49,20.737
2020,2,2,0,25.799,15.421,20.61
2020,2,3,0.025598,26.32,15.474,20.897
2020,2,4,0,26.315,16.286,21.301
2020,2,5,0.14066,26.546,17.082,21.814
2020,2,6,0.066443,26.284,16.055,21.17
2020,2,7,0.090517,25.061,16.418,20.739
2020,2,8,25.334,22.966,15.897,19.431
2020,2,9,13.369,22.87,14.177,18.524
2020,2,10,0.026621,25.799,13.279,19.539
2020,2,11,6.5341e-07,26.854,14.311,20.583
2020,2,12,0.08517,27.394,14.89,21.142
2020,2,13,0,29.322,14.132,21.727
2020,2,14,0,30.307,14.927,22.617
2020,2,15,0,29.393,15.201,22.297
2020,2,16,0,29.507,15.013,22.26
2020,2,17,0,29.64,14.787,22.214
2020,2,18,0.017811,28.359,13.726,21.043
2020,2,19,0,29.595,14.294,21.945
2020,2,20,0,29.337,16.002,22.67
2020,2,21,0.020271,29.779,17.644,23.712
2020,2,22,0,29.727,17.042,23.384
2020,2,23,0,29.971,17.267,23.619
2020,2,24,0.017039,28.603,17.604,23.103
2020,2,25,0.041642,27.384,17.996,22.69
2020,2,26,0.77426,28.462,15.882,22.172
2020,2,27,0,29.205,14.729,21.967
2020,2,28,0,29.646,15.266,22.456
2020,2,29,0,29.689,16.991,23.34
2020,3,1,0,30.197,16.931,23.564
2020,3,2,0,30.413,18.106,24.26
2020,3,3,0,30.844,17.653,24.249
2020,3,4,0,31.027,18.304,24.665
2020,3,5,0.19509,30.235,17.661,23.948
2020,3,6,3.4008,30.455,19.076,24.765
2020,3,7,10.876,30.014,19.687,24.851
2020,3,8,0,30.756,19.465,25.11
2020,3,9,31.8,30.727,19.447,25.087
2020,3,10,0.13866,29.848,19.469,24.659
2020,3,11,0.12309,31.193,19.835,25.514
2020,3,12,0,31.071,20.452,25.762
2020,3,13,0,31.808,20.564,26.186
2020,3,14,0,31.178,19.669,25.424
2020,3,15,0,31.265,19.029,25.147
2020,3,16,15.664,32.316,20.089,26.203
2020,3,17,0,32.316,19.999,26.158
2020,3,18,2.8528,32.653,20.46,26.556
2020,3,19,0,33.068,21.191,27.13
2020,3,20,1.0409,31.646,18.71,25.178
2020,3,21,45.682,31.91,19.725,25.818
2020,3,22,0.93272,32.722,19.66,26.191
2020,3,23,0,33.388,19.939,26.664
2020,3,24,0,33.217,19.276,26.246
2020,3,25,0,33.544,20.532,27.038
2020,3,26,0,33.856,20.879,27.368
2020,3,27,0,34.994,21.445,28.22
2020,3,28,0,35.393,21.762,28.577
2020,3,29,0,35.549,21.805,28.677
2020,3,30,38.299,35.085,21.499,28.292
2020,3,31,0,35.366,21.743,28.554
2020,4,1,0,36.747,21.81,29.279
2020,4,2,0.023255,36.354,22.751,29.553
2020,4,3,0,34.892,22.65,28.771
2020,4,4,0.010921,34.388,22.248,28.318
2020,4,5,0,35.108,22.109,28.608
2020,4,6,0,35.929,22.401,29.165
2020,4,7,0.001513,35.413,22.217,28.815
2020,4,8,0.10826,35.072,22.483,28.778
2020,4,9,4.4033,34.327,21.664,27.995
2020,4,10,0.02883,34.994,21.376,28.185
2020,4,11,0.023644,35.884,21.937,28.91
2020,4,12,0,36.976,22.302,29.639
2020,4,13,0,37.158,23.088,30.123
2020,4,14,0,36.951,23.537,30.244
2020,4,15,0,36.961,23.85,30.406
2020,4,16,0.023727,37.282,23.664,30.473
2020,4,17,2.2459e-06,37.086,23.915,30.501
2020,4,18,0,36.951,23.967,30.459
2020,4,19,5.8655,34.014,22.123,28.069
2020,4,20,0.021167,35.778,22.484,29.131
2020,4,21,0.11584,35.334,22.982,29.158
2020,4,22,0.010276,35.321,23.42,29.37
2020,4,23,8.1839,36.797,23.737,30.267
2020,4,24,0.17076,36.34,23.913,30.127
2020,4,25,0,35.55,24.355,29.953
2020,4,26,0.021004,34.823,22.806,28.815
2020,4,27,10.554,33.326,21.374,27.35
2020,4,28,14.102,34.471,22.012,28.242
2020,4,29,0.03783,35.391,22.666,29.028
2020,4,30,0.16836,36.101,22.893,29.497
2020,5,1,0,36.385,23.33,29.857
2020,5,2,0,36.764,23.209,29.987
2020,5,3,0.14661,37.961,24.318,31.14
2020,5,4,0,37.118,24.2,30.659
2020,5,5,2.0489,36.74,24.987,30.864
2020,5,6,12.408,36.631,24.676,30.653
2020,5,7,0.34652,36.207,23.796,30.001
2020,5,8,0,37.317,24.818,31.067
2020,5,9,0.83691,37.507,23.803,30.655
2020,5,10,1.0753,35.591,23.186,29.389
2020,5,11,0.018612,35.854,23.433,29.644
2020,5,12,1.0866,36.612,24.686,30.649
2020,5,13,0.30073,36.044,24.391,30.218
2020,5,14,0.39539,36.81,24.368,30.589
2020,5,15,0,37.206,25.171,31.188
2020,5,16,0,36.894,25.588,31.241
2020,5,17,29.236,36.628,24.107,30.367
2020,5,18,0,37.004,24.595,30.8
2020,5,19,5.8762,36.391,24.817,30.604
2020,5,20,0,37.797,23.948,30.873
2020,5,21,0,38.722,24.031,31.377
2020,5,22,0,39.417,24.003,31.71
2020,5,23,0,40.114,25.981,33.048
2020,5,24,0,39.352,26.423,32.888
2020,5,25,0.24647,39.966,27.927,33.946
2020,5,26,2.9251,39.658,27.819,33.738
2020,5,27,0,39.638,28.521,34.079
2020,5,28,10.573,39.942,28.205,34.073
2020,5,29,0,39.032,27.51,33.271
2020,5,30,23.188,35.007,24.728,29.867
2020,5,31,5.4234,36.086,25.875,30.981
2020,6,1,3.2454,34.136,24.015,29.075
2020,6,2,0.23166,33.602,24.261,28.931
2020,6,3,0.10772,32.861,22.652,27.756
2020,6,4,0.061992,32.301,23.838,28.069
2020,6,5,0.48215,33.737,23.99,28.864
2020,6,6,0.079565,35.363,25.234,30.299
2020,6,7,0.62841,35.541,25.971,30.756
2020,6,8,0.79298,36.01,25.528,30.769
2020,6,9,0.70462,34.966,25.581,30.273
2020,6,10,1.1486,34.797,24.809,29.803
2020,6,11,0.81589,30.992,23.176,27.084
2020,6,12,8.3105,29.991,23.266,26.628
2020,6,13,13.306,30.81,23.605,27.208
2020,6,14,0.018808,31.656,24.478,28.067
2020,6,15,1.28,30.831,24.118,27.474
2020,6,16,3.5097,29.103,22.61,25.856
2020,6,17,2.206,28.122,22.893,25.507
2020,6,18,0.41148,30.374,23.873,27.124
2020,6,19,0.062306,31.152,24.213,27.682
2020,6,20,1.1286,31.121,24.645,27.883
2020,6,21,35.362,28.621,22.824,25.723
2020,6,22,87.645,28.404,24.024,26.214
2020,6,23,15.024,29.421,22.99,26.205
2020,6,24,14.248,31.303,24.348,27.826
2020,6,25,0.28823,31.163,24.82,27.992
2020,6,26,0.12349,30.371,24.382,27.377
2020,6,27,0.079278,31.169,24.469,27.819
2020,6,28,18.938,30.191,24.061,27.126
2020,6,29,0.36564,30.833,23.87,27.351
2020,6,30,1.9188,31.094,23.661,27.378
2020,7,1,11.24,31.176,23.79,27.483
2020,7,2,11.239,31.64,24.267,27.953
2020,7,3,0.11498,30.434,24.306,27.37
2020,7,4,1.3805,28.868,23.171,26.019
2020,7,5,61.199,26.907,22.787,24.847
2020,7,6,73.916,26.366,22.16,24.263
2020,7,7,0.093815,29.404,23.457,26.431
2020,7,8,0.085098,30.678,24.384,27.531
2020,7,9,0.89483,29.785,23.952,26.869
2020,7,10,5.9773,28.806,22.855,25.83
2020,7,11,0.58887,29.579,23.78,26.679
2020,7,12,0.54296,29.586,23.551,26.569
2020,7,13,1.0098,29.247,22.927,26.087
2020,7,14,5.8129,27.59,22.969,25.28
2020,7,15,36.911,27.094,22.92,25.007
2020,7,16,3.1804,28.525,23.215,25.87
2020,7,17,4.1491,28.793,23.28,26.036
2020,7,18,2.4134,30.533,23.295,26.914
2020,7,19,5.0211,30.456,24.162,27.309
2020,7,20,0.19075,28.767,23.861,26.314
2020,7,21,0.1321,29.632,23.808,26.72
2020,7,22,0.064258,29.555,24.139,26.847
2020,7,23,77.307,25.803,22.164,23.983
2020,7,24,9.0955,27.815,22.589,25.202
2020,7,25,0.32387,29.939,23.311,26.625
2020,7,26,0.9282,30.825,24.327,27.576
2020,7,27,0.019754,32.108,24.749,28.428
2020,7,28,9.6843,30.765,24.857,27.811
2020,7,29,31.004,29.947,23.021,26.484
2020,7,30,0.99915,30.958,24.502,27.73
2020,7,31,0.19066,31.163,24.772,27.968
2020,8,1,0.38278,30.63,24.649,27.639
2020,8,2,1.2049,31.219,24.072,27.645
2020,8,3,2.5574,28.587,22.78,25.684
2020,8,4,1.6607,27.711,23.381,25.546
2020,8,5,14.336,26.988,22.975,24.981
2020,8,6,0.18988,28.255,23.552,25.903
2020,8,7,33.854,28.792,24.084,26.438
2020,8,8,0.18334,28.862,23.957,26.41
2020,8,9,4.4779,27.643,23.503,25.573
2020,8,10,17.946,26.752,22.43,24.591
2020,8,11,1.9761,27.577,22.567,25.072
2020,8,12,0.8367,27.017,23.378,25.198
2020,8,13,7.9914,25.915,22.321,24.118
2020,8,14,11.466,24.63,21.605,23.118
2020,8,15,1.2568,24.334,21.134,22.734
2020,8,16,36.883,24.733,21.718,23.225
2020,8,17,17.867,26.087,22.086,24.086
2020,8,18,0.77093,26.969,22.464,24.717
2020,8,19,0.81095,25.861,22.661,24.261
2020,8,20,53.928,25.86,22.138,23.999
2020,8,21,82.319,26.87,22.163,24.516
2020,8,22,1.0188,28.181,22.786,25.484
2020,8,23,0.26554,29.096,23.019,26.058
2020,8,24,0.15186,30.11,22.694,26.402
2020,8,25,1.2715,29.576,23.819,26.697
2020,8,26,9.7286,26.952,22.921,24.937
2020,8,27,37.341,25.822,22.309,24.066
2020,8,28,39.856,27.255,22.192,24.724
2020,8,29,0.090744,28.84,22.55,25.695
2020,8,30,0,30.339,22.996,26.667
2020,8,31,1.2494,31.514,23.517,27.516
2020,9,1,0.41635,30.679,24.049,27.364
2020,9,2,14.273,28.85,22.724,25.787
2020,9,3,0.034837,29.796,22.903,26.349
2020,9,4,0,30.626,23.488,27.057
2020,9,5,1.6955,30.492,23.444,26.968
2020,9,6,0.45246,31.14,24.057,27.598
2020,9,7,6.8634,30.447,23.699,27.073
2020,9,8,2.3237,31.312,23.912,27.612
2020,9,9,0.60713,31.36,24.429,27.895
2020,9,10,0.76864,31.046,23.636,27.341
2020,9,11,19.389,29.534,22.843,26.188
2020,9,12,24.589,30.748,23.27,27.009
2020,9,13,1.0883,30.014,23.393,26.704
2020,9,14,0.90723,30.142,23.33,26.736
2020,9,15,14.657,27.346,23.044,25.195
2020,9,16,0.36608,30.985,23.409,27.197
2020,9,17,0.37436,31.402,23.743,27.573
2020,9,18,0.51529,30.609,24.278,27.443
2020,9,19,29.883,31.227,23.243,27.235
2020,9,20,1.1223,29.53,22.944,26.237
2020,9,21,31.114,27.419,22.42,24.919
2020,9,22,44.924,27.948,22.219,25.083
2020,9,23,0.10619,29.115,22.69,25.902
2020,9,24,1.5345,29.947,23.592,26.77
2020,9,25,0.18577,29.958,23.676,26.817
2020,9,26,5.577,28.356,22.061,25.208
2020,9,27,0.36837,30.261,22.197,26.229
2020,9,28,0.065895,31.347,22.238,26.792
2020,9,29,0.29653,31.105,22.855,26.98
2020,9,30,3.7001,28.85,21.858,25.354
2020,10,1,9.0928,28.372,21.656,25.014
2020,10,2,0.50926,29.595,21.912,25.753
2020,10,3,4.2596,30.398,22.706,26.552
2020,10,4,1.4249,29.335,22.117,25.726
2020,10,5,28.284,29.437,21.787,25.612
2020,10,6,26.25,29.869,22.654,26.262
2020,10,7,2.2719,28.616,22.512,25.564
2020,10,8,2.9121,29.675,22.008,25.842
2020,10,9,20.513,30.228,22.503,26.365
2020,10,10,0.056014,30.348,22.907,26.627
2020,10,11,0.68291,29.01,22.118,25.564
2020,10,12,0.53078,28.29,21.796,25.043
2020,10,13,0.032227,27.487,21.552,24.52
2020,10,14,0.14773,28.496,21.803,25.149
2020,10,15,22.709,29.015,22.222,25.618
2020,10,16,0,29.704,22.931,26.317
2020,10,17,6.3741,30.256,21.823,26.04
2020,10,18,0.041574,31.103,22.264,26.684
2020,10,19,0.92799,30.762,22.058,26.41
2020,10,20,0.40944,30.091,21.773,25.932
2020,10,21,0.60652,29.546,21.674,25.61
2020,10,22,0,29.54,20.726,25.133
2020,10,23,0,29.995,20.216,25.105
2020,10,24,0,30.357,20.322,25.34
2020,10,25,0,30.332,19.897,25.114
2020,10,26,0,30.186,20.244,25.215
2020,10,27,0,29.982,19.222,24.602
2020,10,28,0,29.677,18.949,24.313
2020,10,29,0,29.329,18.215,23.772
2020,10,30,0,29.565,18.579,24.072
2020,10,31,0,29.786,18.377,24.082
2020,11,1,0,30.544,18.773,24.658
2020,11,2,0,30.345,19.33,24.838
2020,11,3,0,29.58,19.659,24.62
2020,11,4,0,29.14,18.709,23.924
2020,11,5,0,29.336,17.828,23.582
2020,11,6,0,29.281,17.589,23.435
2020,11,7,0,28.991,17.187,23.089
2020,11,8,0,27.833,14.989,21.411
2020,11,9,0,26.892,12.99,19.941
2020,11,10,6.4784e-06,27.125,12.92,20.022
2020,11,11,0,26.264,15.338,20.801
2020,11,12,0.14764,27.695,18.171,22.933
2020,11,13,0.21034,29.443,18.677,24.06
2020,11,14,0.025154,29.716,18.103,23.91
2020,11,15,0.0092102,29.212,17.97,23.591
2020,11,16,0,30.116,19.269,24.692
2020,11,17,0,30.047,18.584,24.315
2020,11,18,0,30.125,19.154,24.64
2020,11,19,0,30.234,19.193,24.714
2020,11,20,0.0069709,29.473,19.148,24.311
2020,11,21,0,28.84,19.177,24.008
2020,11,22,0.28107,27.574,17.491,22.532
2020,11,23,0,27.052,15.857,21.455
2020,11,24,0,26.168,14.72,20.444
2020,11,25,0,26.899,14.728,20.814
2020,11,26,0,23.408,16.275,19.841
2020,11,27,0.075956,22.602,16.863,19.732
2020,11,28,0.023947,25.942,15.809,20.875
2020,11,29,0,27.9,16.369,22.135
2020,11,30,0,27.737,15.501,21.619
2020,12,1,0,27.339,14.973,21.156
2020,12,2,0,27.256,14.279,20.768
2020,12,3,0,27.705,14.448,21.076
2020,12,4,0,27.678,14.525,21.102
2020,12,5,0,27.793,14.276,21.035
2020,12,6,0,27.88,14.283,21.081
2020,12,7,0,28.327,14.455,21.391
2020,12,8,0,28.444,14.085,21.265
2020,12,9,0,28.359,13.981,21.17
2020,12,10,0,27.648,14.446,21.047
2020,12,11,0,27.577,14.447,21.012
2020,12,12,0,27.298,15.227,21.262
2020,12,13,0,27.122,15.922,21.522
2020,12,14,0,27.142,16.64,21.891
2020,12,15,0,27.176,17.24,22.208
2020,12,16,0,27.641,17.592,22.616
2020,12,17,0,27.283,17.107,22.195
2020,12,18,0,26.834,17.002,21.918
2020,12,19,0,25.748,14.471,20.11
2020,12,20,0,24.804,12.253,18.529
2020,12,21,0,24.852,10.135,17.494
2020,12,22,0,25.214,9.7913,17.503
2020,12,23,0,25.348,10.204,17.776
2020,12,24,0,25.642,11.182,18.412
2020,12,25,0,25.342,12.105,18.723
2020,12,26,0,25.449,11.945,18.697
2020,12,27,0,26.013,11.985,18.999
2020,12,28,0,26.564,12.779,19.671
2020,12,29,0,26.153,13.207,19.68
2020,12,30,0,26.027,13.406,19.716
2020,12,31,0,25.507,13.695,19.601
2021,1,1,0.05741,25.531,13.768,19.65
2021,1,2,0,26.086,13.497,19.792
2021,1,3,0,26.226,13.256,19.741
2021,1,4,0,26.692,14.008,20.35
2021,1,5,0,28.157,14.885,21.521
2021,1,6,0,27.633,17.074,22.354
2021,1,7,0,27.085,17.774,22.43
2021,1,8,0,28.085,18.063,23.074
2021,1,9,0,29.01,16.844,22.927
2021,1,10,0.034726,28.944,16.223,22.584
2021,1,11,0,28.745,16.358,22.551
2021,1,12,0.017153,27.851,16.204,22.028
2021,1,13,0,27.545,15.794,21.67
2021,1,14,0,26.775,14.555,20.665
2021,1,15,0,27.01,13.302,20.156
2021,1,16,0,27.364,13.357,20.36
2021,1,17,0,27.294,13.781,20.538
2021,1,18,0,27.161,14.337,20.749
2021,1,19,0.10194,28.078,14.996,21.537
2021,1,20,0,28.616,16.161,22.389
2021,1,21,0,28.415,15.813,22.114
2021,1,22,0,28.313,14.702,21.507
2021,1,23,0,28.854,14.827,21.841
2021,1,24,0,29.319,16.032,22.675
2021,1,25,0.016481,29.38,16.179,22.78
2021,1,26,0,28.71,16.133,22.421
2021,1,27,0,27.882,16.913,22.397
2021,1,28,0,27.871,17.36,22.616
2021,1,29,0.020563,26.699,17.283,21.991
2021,1,30,0,26.099,15.883,20.991
2021,1,31,0,26.713,14.729,20.721
2021,2,1,0,26.949,13.937,20.443
2021,2,2,0,27.519,12.534,20.026
2021,2,3,0,28.162,11.758,19.96
2021,2,4,0,28.138,11.689,19.913
2021,2,5,0,27.872,12.37,20.121
2021,2,6,0,27.648,13.239,20.444
2021,2,7,0.0015756,26.713,13.553,20.133
2021,2,8,0,26.792,11.943,19.367
2021,2,9,0.10295,27.852,11.991,19.922
2021,2,10,0.034232,29.063,12.497,20.78
2021,2,11,0.12581,29.059,13.472,21.265
2021,2,12,0,29.053,15.195,22.124
2021,2,13,0.0070358,29.536,15.645,22.59
2021,2,14,0,29.644,16.356,23
2021,2,15,0,29.81,16.501,23.156
2021,2,16,0,29.697,16.934,23.315
2021,2,17,0,27.272,16.526,21.899
2021,2,18,0,27,15.912,21.456
2021,2,19,16.647,25.584,15.582,20.583
2021,2,20,0,27.302,17.017,22.16
2021,2,21,0,28.829,16.423,22.626
2021,2,22,0,30.18,15.731,22.955
2021,2,23,0,31.133,15.534,23.334
2021,2,24,0,31.627,15.358,23.493
2021,2,25,0,33.507,16.563,25.035
2021,2,26,0,33.824,18.363,26.093
2021,2,27,0,33.92,18.477,26.198
2021,2,28,0,34.167,18.012,26.089
2021,3,1,0,33.818,20.04,26.929
2021,3,2,0,33.561,19.295,26.428
2021,3,3,0,32.903,17.08,24.992
2021,3,4,0,33.417,16.19,24.803
2021,3,5,0,33.918,16.978,25.448
2021,3,6,0,34.172,17.323,25.747
2021,3,7,0,34.314,17.447,25.88
2021,3,8,0,34.026,18.604,26.315
2021,3,9,0,33.532,20.102,26.817
2021,3,10,0,33.454,20.929,27.191
2021,3,11,0.0012069,33.729,21.192,27.46
2021,3,12,0,33.383,20.377,26.88
2021,3,13,0.39432,31.879,18.669,25.274
2021,3,14,0,32.796,18.537,25.666
2021,3,15,0,33.743,19.978,26.861
2021,3,16,0,34.301,20.141,27.221
2021,3,17,0,33.534,20.796,27.165
2021,3,18,0.13795,33.265,21.122,27.193
2021,3,19,17.742,32.942,20.905,26.923
2021,3,20,0.049869,33.003,20.263,26.633
2021,3,21,0,34.113,20.139,27.126
2021,3,22,0,34.55,20.331,27.44
2021,3,23,0,32.659,20.816,26.737
2021,3,24,0,34.633,19.196,26.914
2021,3,25,0,35.475,20.231,27.853
2021,3,26,0,35.669,21.2,28.435
2021,3,27,0,35.781,20.834,28.307
2021,3,28,0,36.772,20.874,28.823
2021,3,29,0,37.372,21.211,29.291
2021,3,30,0,37.877,22.473,30.175
2021,3,31,0.47955,38.186,22.525,30.356
2021,4,1,0.045789,37.869,22.736,30.303
2021,4,2,0,37.541,23.035,30.288
2021,4,3,0,36.92,23.255,30.088
2021,4,4,0,35.973,22.355,29.164
2021,4,5,0.55153,36.451,22.484,29.467
2021,4,6,1.2713,37.172,22.739,29.955
2021,4,7,0.19055,37.243,23.753,30.498
2021,4,8,0.085765,36.48,24.22,30.35
2021,4,9,8.9312,34.807,24.582,29.694
2021,4,10,0.00075242,35.129,23.51,29.32
2021,4,11,0.2273,34.596,22.762,28.679
2021,4,12,0.10178,35.78,23.281,29.531
2021,4,13,0.1019,35.864,22.244,29.054
2021,4,14,0.00045452,34.248,22.956,28.602
2021,4,15,0,33.989,22.142,28.065
2021,4,16,0.049192,35.783,21.53,28.657
2021,4,17,0,35.975,23.308,29.642
2021,4,18,0.0016974,36.395,23.785,30.09
2021,4,19,0.02421,36.794,23.573,30.183
2021,4,20,0.91086,36.626,24.187,30.407
2021,4,21,0.38027,35.321,23.924,29.623
2021,4,22,11.802,35.899,23.408,29.654
2021,4,23,0,36.266,24.447,30.356
2021,4,24,0,37.278,23.383,30.331
2021,4,25,0,37.479,24.316,30.897
2021,4,26,0,37.167,25.066,31.117
2021,4,27,0.097935,37.205,23.931,30.568
2021,4,28,0.13915,37.97,23.77,30.87
2021,4,29,0,37.815,24.958,31.386
2021,4,30,0.0010162,36.744,23.782,30.263
2021,5,1,0.82331,35.837,23.714,29.776
2021,5,2,0,36.106,25.114,30.61
2021,5,3,0.41859,35.561,23.837,29.699
2021,5,4,0,35.934,23.413,29.674
2021,5,5,0,36.023,24.574,30.298
2021,5,6,1.5425,36.542,24.678,30.61
2021,5,7,0,36.307,25.362,30.835
2021,5,8,36.84,35.915,24.594,30.254
2021,5,9,27.169,35.499,24.259,29.879
2021,5,10,35.765,35.511,24.307,29.909
2021,5,11,0.40251,34.635,25.073,29.854
2021,5,12,36.972,35.645,23.026,29.335
2021,5,13,0,35.885,25.754,30.82
2021,5,14,0.17205,35.488,25.169,30.329
2021,5,15,0.54233,35.623,25.437,30.53
2021,5,16,0,35.013,25.644,30.328
2021,5,17,0.6637,35.544,25.694,30.619
2021,5,18,0,36.274,26.186,31.23
2021,5,19,0,35.725,25.753,30.739
2021,5,20,0.16801,35.663,25.928,30.795
2021,5,21,0,36.259,25.683,30.971
2021,5,22,0.13864,35.844,24.467,30.156
2021,5,23,0.0078414,37.275,25.33,31.302
2021,5,24,0,36.076,26.295,31.186
2021,5,25,0.092795,35.4,26.03,30.715
2021,5,26,0.33449,37.297,25.401,31.349
2021,5,27,0,36.858,26.266,31.562
2021,5,28,0,37.837,26.928,32.382
2021,5,29,0,38.844,27.582,33.213
2021,5,30,0,37.755,27.105,32.43
2021,5,31,0.59963,37.373,27.685,32.529
2021,6,1,17.901,35.577,25.657,30.617
2021,6,2,0.069082,32.983,24.836,28.909
2021,6,3,1.2449,32.717,23.18,27.948
2021,6,4,21.788,33.173,23.917,28.545
2021,6,5,0.32722,34.365,25.047,29.706
2021,6,6,0.51172,35.994,26.143,31.069
2021,6,7,0.14168,35.124,26.615,30.87
2021,6,8,2.352,36.033,26.499,31.266
2021,6,9,16.838,32.737,25.155,28.946
2021,6,10,21.767,29.863,24.126,26.994
2021,6,11,5.5079,28.747,23.563,26.155
2021,6,12,7.5313,29.702,23.741,26.721
2021,6,13,0,30.713,24.402,27.557
2021,6,14,37.312,29.348,23.477,26.412
2021,6,15,2.2381,30.253,23.338,26.795
2021,6,16,0,31.01,24.013,27.511
2021,6,17,0,29.683,23.646,26.664
2021,6,18,0,29.309,23.776,26.542
2021,6,19,1.0835,29.959,24.965,27.462
2021,6,20,1.2746,31.619,24.652,28.136
2021,6,21,0.6592,32.163,24.686,28.424
2021,6,22,0.15035,30.601,25.678,28.14
2021,6,23,3.354,27.636,23.179,25.407
2021,6,24,26.176,27.728,23.017,25.373
2021,6,25,0.17852,28.538,23.664,26.101
2021,6,26,2.2487,30.351,24.538,27.445
2021,6,27,28.578,29.422,24.029,26.726
2021,6,28,0.16268,29.945,24.223,27.084
2021,6,29,0.12367,31.142,24.848,27.995
2021,6,30,0.086329,31.785,25.588,28.686
2021,7,1,4.3598,30.653,23.936,27.294
2021,7,2,62.182,27.694,23.681,25.687
2021,7,3,32.651,29.621,23.62,26.62
2021,7,4,0.014675,30.836,24.448,27.642
2021,7,5,6.1346,29.635,23.612,26.623
2021,7,6,27.253,30.493,24.253,27.373
2021,7,7,0.11888,31.548,25.286,28.417
2021,7,8,61.247,26.743,22.571,24.657
2021,7,9,0.4427,29.464,23.577,26.52
2021,7,10,2.0951,29.814,24.194,27.004
2021,7,11,9.6343,29.087,23.962,26.525
2021,7,12,1.2073,28.997,24.073,26.535
2021,7,13,20.037,27.745,23.173,25.459
2021,7,14,9.3085,27.595,23.144,25.369
2021,7,15,2.9773,28.922,23.867,26.394
2021,7,16,1.5613,29.397,24.384,26.891
2021,7,17,0,30.328,24.354,27.341
2021,7,18,0,31.357,25.095,28.226
2021,7,19,0.15613,30.334,23.721,27.028
2021,7,20,21.419,28.896,24.047,26.472
2021,7,21,2.7719,25.711,22.698,24.204
2021,7,22,1.9225,25.875,22.416,24.145
2021,7,23,22.547,26.31,22.707,24.508
2021,7,24,0.066344,27.572,22.606,25.089
2021,7,25,3.8686,29.591,24.056,26.824
2021,7,26,0.1767,29.403,24.112,26.758
2021,7,27,5.9175,28.474,24.266,26.37
2021,7,28,3.1649,28.064,23.533,25.798
2021,7,29,22.841,26.466,23.172,24.819
2021,7,30,11.656,27.114,23.269,25.191
2021,7,31,2.4984,27.66,23.492,25.576
2021,8,1,2.3204,27.911,23.643,25.777
2021,8,2,0.072408,28.817,23.886,26.352
2021,8,3,0.2807,28.976,23.663,26.319
2021,8,4,0,29.796,24.246,27.021
2021,8,5,6.8587,28.976,24.134,26.555
2021,8,6,1.6823,29.052,24.259,26.656
2021,8,7,1.8499,29.589,24.37,26.98
2021,8,8,4.4956,29.74,24.15,26.945
2021,8,9,3.0097,30.729,24.325,27.527
2021,8,10,0.067381,30.353,24.527,27.44
2021,8,11,2.3058,30.837,24.346,27.592
2021,8,12,12.344,31.429,24.833,28.131
2021,8,13,2.4762,30.47,24.623,27.547
2021,8,14,7.1296,30.291,24.054,27.173
2021,8,15,19.254,29.869,23.939,26.904
2021,8,16,41.756,27.517,23.539,25.528
2021,8,17,36.131,26.285,22.919,24.602
2021,8,18,60.975,26.924,23.084,25.004
2021,8,19,11.133,26.953,23.319,25.136
2021,8,20,5.7239,26.609,23.024,24.817
2021,8,21,1.8757,29.037,23.214,26.126
2021,8,22,6.5354,29.574,23.206,26.39
2021,8,23,3.0035,30.579,23.721,27.15
2021,8,24,0.18985,30.958,23.751,27.355
2021,8,25,3.0025,30.644,24.021,27.333
2021,8,26,4.467,30.267,23.248,26.758
2021,8,27,2.2873,29.118,23.501,26.31
2021,8,28,27.194,28.188,23.203,25.696
2021,8,29,35.939,28.489,22.606,25.548
2021,8,30,5.3048,28.317,22.954,25.635
2021,8,31,1.1574,28.212,22.724,25.468
2021,9,1,1.4937,28.632,22.993,25.813
2021,9,2,0.35009,30.118,23.025,26.571
2021,9,3,11.488,30.069,23.47,26.77
2021,9,4,58.199,29.302,22.516,25.909
2021,9,5,0.079652,29.69,23.172,26.431
2021,9,6,9.4204,27.208,23.089,25.149
2021,9,7,42.661,27.187,22.272,24.73
2021,9,8,14.07,28.172,22.776,25.474
2021,9,9,0,29.537,23.518,26.527
2021,9,10,0.33601,28.583,23.358,25.97
2021,9,11,27.561,27.285,22.252,24.768
2021,9,12,7.4868,27.962,23.033,25.497
2021,9,13,3.3372,27.849,23.173,25.511
2021,9,14,33.399,27.889,23.132,25.511
2021,9,15,26.701,29.158,23.632,26.395
2021,9,16,2.7456,29.282,23.214,26.248
2021,9,17,0,29.637,23.218,26.428
2021,9,18,0.12836,29.92,23.211,26.565
2021,9,19,5.5123,29.817,23.018,26.417
2021,9,20,3.687,28.218,22.718,25.468
2021,9,21,3.4464,28.883,22.449,25.666
2021,9,22,0,29.273,22.549,25.911
2021,9,23,0.055324,29.396,22.907,26.151
2021,9,24,4.9638,30.306,23.032,26.669
2021,9,25,0.49434,30.557,23.197,26.877
2021,9,26,9.0062,29.087,22.917,26.002
2021,9,27,1.5941,26.809,22.297,24.553
2021,9,28,0.40242,28.506,22.413,25.46
2021,9,29,2.8828,30.155,22.772,26.464
2021,9,30,0,30.678,23.213,26.945
2021,10,1,6.4922,30.898,23.505,27.202
2021,10,2,44.679,29.981,23.162,26.572
2021,10,3,0,30.985,23.443,27.214
2021,10,4,0.74665,30.795,23.307,27.051
2021,10,5,0,30.971,23.297,27.134
2021,10,6,2.2105,30.704,23.002,26.853
2021,10,7,0.01346,31.321,23.164,27.243
2021,10,8,0,32.197,23.654,27.926
2021,10,9,0.14828,31.303,23.321,27.312
2021,10,10,0.36934,31.786,22.476,27.131
2021,10,11,0.63795,31.079,21.916,26.497
2021,10,12,0.055827,30.615,21.98,26.297
2021,10,13,0,31.005,21.936,26.47
2021,10,14,0,30.933,22.016,26.475
2021,10,15,0,29.252,22.023,25.638
2021,10,16,0.041826,29.435,22.458,25.947
2021,10,17,0.0039982,28.756,21.74,25.248
2021,10,18,0,29.885,22.196,26.041
2021,10,19,0.14829,30.041,22.29,26.165
2021,10,20,0,29.865,21.44,25.653
2021,10,21,0,30.608,21.037,25.823
2021,10,22,0,30.175,19.544,24.86
2021,10,23,0,29.415,19.118,24.266
2021,10,24,0,29.023,19.388,24.206
2021,10,25,0,29.313,19.045,24.179
2021,10,26,0,29.223,18.816,24.02
2021,10,27,0,28.988,19.048,24.018
2021,10,28,0,28.564,19.786,24.175
2021,10,29,0,28.431,18.804,23.617
2021,10,30,0,29.158,19.933,24.545
2021,10,31,0,28.725,18.976,23.851
2021,11,1,0,29.09,18.418,23.754
2021,11,2,0,27.529,18.779,23.154
2021,11,3,19.351,28.274,19.823,24.049
2021,11,4,0.38656,28.289,19.619,23.954
2021,11,5,0,28.416,18.918,23.667
2021,11,6,0,28.511,18.468,23.489
2021,11,7,0,27.632,16.23,21.931
2021,11,8,0,27.628,15.509,21.569
2021,11,9,0,27.028,14.989,21.008
2021,11,10,0,27.335,15.397,21.366
2021,11,11,0,26.246,16.693,21.469
2021,11,12,0,26.147,18.283,22.215
2021,11,13,0,26.497,20.119,23.308
2021,11,14,9.3275,27.933,20.427,24.18
2021,11,15,2.3518,28.462,20.225,24.344
2021,11,16,7.6476,28.038,19.893,23.966
2021,11,17,0.00060898,28.186,19.95,24.068
2021,11,18,0,27.776,19.811,23.794
2021,11,19,0.074597,27.471,19.365,23.418
2021,11,20,0.097123,27.894,19.829,23.862
2021,11,21,0.025065,29.166,20.502,24.834
2021,11,22,0.04141,28.943,21.221,25.082
2021,11,23,0.12269,29.057,20.301,24.679
2021,11,24,0.016028,29.217,19.671,24.444
2021,11,25,0,28.324,18.225,23.274
2021,11,26,0,28.124,17.655,22.89
2021,11,27,0,27.18,16.576,21.878
2021,11,28,0,26.458,15.742,21.1
2021,11,29,0,26.061,15.206,20.633
2021,11,30,0,25.613,14.43,20.021
2021,12,1,0,25.985,14.156,20.071
2021,12,2,0,26.722,14.151,20.436
2021,12,3,0,25.034,15.48,20.257
2021,12,4,0,25.436,15.622,20.529
2021,12,5,0.0908,25.738,16.601,21.17
2021,12,6,0.00036411,26.794,17.368,22.081
2021,12,7,0,27.463,17.453,22.458
2021,12,8,0,26.92,16.851,21.885
2021,12,9,0,26.827,17.888,22.358
2021,12,10,0.027704,25.783,17.51,21.646
2021,12,11,0,26.384,16.955,21.67
2021,12,12,0,26.27,16.246,21.258
2021,12,13,0,25.857,15.709,20.783
2021,12,14,0,25.804,14.914,20.359
2021,12,15,0,24.881,14.229,19.555
2021,12,16,0.030155,25.076,13.038,19.057
2021,12,17,0.15355,24.843,12.143,18.493
2021,12,18,0,24.964,12.445,18.705
2021,12,19,0,24.076,12.264,18.17
2021,12,20,0,23.627,11.181,17.404
2021,12,21,0.047836,23.316,9.3058,16.311
2021,12,22,0.058387,24.784,9.3291,17.057
2021,12,23,0.062739,25.782,10.352,18.067
2021,12,24,2.9055e-05,26.524,11.847,19.185
2021,12,25,2.7351e-05,26.441,14.142,20.291
2021,12,26,0,26.302,15.514,20.908
2021,12,27,0.082446,26.117,16.005,21.061
2021,12,28,0,26.209,16.22,21.214
2021,12,29,0.54262,23.776,15.79,19.783
2021,12,30,0.79317,23.237,15.107,19.172
2021,12,31,0,23.354,14.113,18.734
2022,1,1,0,24.497,14.18,19.338
2022,1,2,0.31714,24.599,13.879,19.239
2022,1,3,0,24.781,13.253,19.017
2022,1,4,0,25.316,12.392,18.854
2022,1,5,0,26.183,12.407,19.295
2022,1,6,0.33833,26.285,14.072,20.179
2022,1,7,0,26.686,14.611,20.648
2022,1,8,0,26.444,15.065,20.755
2022,1,9,0,25.495,15.655,20.575
2022,1,10,1.3567,24.285,16.344,20.315
2022,1,11,4.4959,23.064,16.376,19.72
2022,1,12,122.38,22.044,15.808,18.926
2022,1,13,57.321,22.714,16.02,19.367
2022,1,14,13.43,23.105,16.028,19.567
2022,1,15,33.96,22.682,15.419,19.05
2022,1,16,1.3998,23.839,15.017,19.428
2022,1,17,0,24.37,14.071,19.22
2022,1,18,5.3732e-06,24.629,13.214,18.921
2022,1,19,0,24.592,13.045,18.818
2022,1,20,0,25.65,12.569,19.109
2022,1,21,0,26.61,13.658,20.134
2022,1,22,0,27.38,14.124,20.752
2022,1,23,0,25.659,15.872,20.766
2022,1,24,0,24.913,15.151,20.032
2022,1,25,0.30627,25.04,14.387,19.714
2022,1,26,0,24.696,14.267,19.482
2022,1,27,0.026892,23.733,13.111,18.422
2022,1,28,0,23.455,11.232,17.343
2022,1,29,0,24.613,10.66,17.637
2022,1,30,0,26.054,10.497,18.276
2022,1,31,0,27.501,11.65,19.575
2022,2,1,0,27.555,13.013,20.284
2022,2,2,0,28.104,13.83,20.967
2022,2,3,0,27.873,14.816,21.345
2022,2,4,0,26.333,16.229,21.281
2022,2,5,0,26.224,12.175,19.2
2022,2,6,0,26.316,11.538,18.927
2022,2,7,0,27.409,12.638,20.023
2022,2,8,0,27.764,14.095,20.929
2022,2,9,0,27.48,15.817,21.648
2022,2,10,0,26.694,15.842,21.268
2022,2,11,0,26.423,14.683,20.553
2022,2,12,0,26.519,13.161,19.84
2022,2,13,0,27.329,12.394,19.861
2022,2,14,0,27.497,12.853,20.175
2022,2,15,0.095559,27.226,14.374,20.8
2022,2,16,0,27.79,15.429,21.609
2022,2,17,0,26.659,16.806,21.732
2022,2,18,0.3726,27.5,16.195,21.848
2022,2,19,0,28.471,16.941,22.706
2022,2,20,0,29.236,17.813,23.525
2022,2,21,0,30.151,16.131,23.141
2022,2,22,0,30.513,15.458,22.986
2022,2,23,0,30.895,17.1,23.998
2022,2,24,0.096144,31.576,18.082,24.829
2022,2,25,0,30.732,18.541,24.636
2022,2,26,0,30.629,17.885,24.257
2022,2,27,0,30.719,18.075,24.397
2022,2,28,0,31.892,16.963,24.428
2022,3,1,0,32.009,17.543,24.776
2022,3,2,0,31.659,17.677,24.668
2022,3,3,1.5211e-06,31.562,18.347,24.955
2022,3,4,0,31.866,17.815,24.84
2022,3,5,0.012356,32.196,18.127,25.162
2022,3,6,0,32.594,18.1,25.347
2022,3,7,0,32.377,18.064,25.221
2022,3,8,0.19302,32.974,18.313,25.643
2022,3,9,0.018048,33.116,18.013,25.565
2022,3,10,0,32.781,18.37,25.576
2022,3,11,0,33.395,19.142,26.269
2022,3,12,0.21503,33.391,18.984,26.188
2022,3,13,0,33.906,18.62,26.263
2022,3,14,0,34.576,17.601,26.089
2022,3,15,0,35.734,18.109,26.921
2022,3,16,0,36.546,19.875,28.21
2022,3,17,0,36.027,20.541,28.284
2022,3,18,0,35.213,21.333,28.273
2022,3,19,0,35.044,22.007,28.525
2022,3,20,0,34.819,21.84,28.33
2022,3,21,1.7855,35.353,22.88,29.116
2022,3,22,0,36.158,22.034,29.096
2022,3,23,0,35.664,22.32,28.992
2022,3,24,0,35.109,22.435,28.772
2022,3,25,0,34.829,23.092,28.96
2022,3,26,0,35.386,23.237,29.312
2022,3,27,0,36.145,23.195,29.67
2022,3,28,0,36.817,21.994,29.406
2022,3,29,0,37.274,22.13,29.702
2022,3,30,0,37.758,22.622,30.19
2022,3,31,0.22457,37.387,23.019,30.203
2022,4,1,0.18443,37.03,23.658,30.344
2022,4,2,0.033688,36.101,24.277,30.189
2022,4,3,0,36.765,24.27,30.517
2022,4,4,0,36.668,24.35,30.509
2022,4,5,0.029834,36.399,24.301,30.35
2022,4,6,0.012136,36.889,24.466,30.678
2022,4,7,8.6529,36.476,23.633,30.054
2022,4,8,0.039559,35.698,23.8,29.749
2022,4,9,0.98858,36.208,24.266,30.237
2022,4,10,0.30685,37.215,25.097,31.156
2022,4,11,0.20342,37.02,25.087,31.053
2022,4,12,0.50756,37.179,24.943,31.061
2022,4,13,0.0017461,37.481,24.921,31.201
2022,4,14,0.11811,37.004,25.425,31.215
2022,4,15,0.045831,37.795,25.616,31.705
2022,4,16,0,37.817,25.79,31.804
2022,4,17,1.1449,37.2,24.446,30.823
2022,4,18,0.0025045,38.009,24.356,31.182
2022,4,19,1.4004,38.193,24.874,31.534
2022,4,20,0.0045399,38.356,25.692,32.024
2022,4,21,0.12702,36.829,25.803,31.316
2022,4,22,1.8994,35.419,24.79,30.104
2022,4,23,0.055235,37.164,25.347,31.255
2022,4,24,0.028998,37.954,25.461,31.708
2022,4,25,3.7915e-09,38.63,25.18,31.905
2022,4,26,0,38.576,25.286,31.931
2022,4,27,0.067662,38.54,25.736,32.138
2022,4,28,0,38.931,25.25,32.091
2022,4,29,0.04555,39.287,25.716,32.501
2022,4,30,0.028382,39.789,26.545,33.167
2022,5,1,0.0055855,38.975,26.193,32.584
2022,5,2,0.10118,38.502,26.375,32.438
2022,5,3,0.050174,38.138,25.737,31.937
2022,5,4,1.1368,35.709,23.703,29.706
2022,5,5,0,37.69,25.62,31.655
2022,5,6,0.00029265,37.653,25.223,31.438
2022,5,7,0.00036212,38.102,26.038,32.07
2022,5,8,0.00023118,37.901,26.289,32.095
2022,5,9,0,37.735,26.185,31.96
2022,5,10,0,35.958,25.538,30.748
2022,5,11,0.02353,33.6,26.121,29.861
2022,5,12,0,35.491,26.363,30.927
2022,5,13,0.0056479,36.84,26.507,31.673
2022,5,14,0,38.691,27.333,33.012
2022,5,15,0.37295,38.238,27.573,32.905
2022,5,16,1.5298,36.242,26.556,31.399
2022,5,17,0.042651,37.897,27.288,32.592
2022,5,18,0.014305,36.909,27.138,32.023
2022,5,19,51.151,35.947,25.387,30.667
2022,5,20,0.54094,37.063,26.173,31.618
2022,5,21,0.12143,37.986,27.649,32.817
2022,5,22,0,37.895,27.513,32.704
2022,5,23,0.0029917,38.077,27.127,32.602
2022,5,24,0,36.786,25.447,31.116
2022,5,25,5.6994,37.347,24.464,30.906
2022,5,26,0.2367,37.502,26.301,31.901
2022,5,27,1.0452,36.383,24.901,30.642
2022,5,28,0.5106,38.087,26.212,32.15
2022,5,29,0.89913,38.819,27.175,32.997
2022,5,30,0.00021094,38.663,27.288,32.975
2022,5,31,0.075655,38.511,27.835,33.173
2022,6,1,0.0081864,38.24,27.955,33.097
2022,6,2,0.037157,39.618,27.568,33.593
2022,6,3,0.62625,39.681,28.12,33.901
2022,6,4,0,38.336,28.374,33.355
2022,6,5,0.35792,38.67,28.509,33.589
2022,6,6,0.13721,36.383,27.683,32.033
2022,6,7,0.18156,37.365,27.034,32.2
2022,6,8,0.18959,39.558,29.087,34.323
2022,6,9,0.020441,38.261,28.949,33.605
2022,6,10,0.010825,35.829,28.381,32.105
2022,6,11,0.11986,35.823,27.824,31.823
2022,6,12,2.5303,35.425,26.319,30.872
2022,6,13,14.201,35.795,26.245,31.02
2022,6,14,2.1804,36.102,26.967,31.534
2022,6,15,0.015825,34.519,26.59,30.555
2022,6,16,8.9839,31.776,24.058,27.917
2022,6,17,0.68107,32.131,24.892,28.511
2022,6,18,0.090898,31.601,25.379,28.49
2022,6,19,0.016981,32.001,25.441,28.721
2022,6,20,2.0621,31.285,24.823,28.054
2022,6,21,24.723,28.239,22.055,25.147
2022,6,22,1.8358,30.026,23.96,26.993
2022,6,23,1.6826,30.827,24.435,27.631
2022,6,24,17.26,29.179,24.318,26.749
2022,6,25,6.1217,27.918,23.179,25.549
2022,6,26,5.2563,28.476,23.503,25.99
2022,6,27,0.35396,29.223,23.934,26.579
2022,6,28,9.4679,29.247,24.217,26.732
2022,6,29,4.8359,31.172,24.693,27.933
2022,6,30,8.9689,30.032,24.508,27.27
2022,7,1,1.3915,30.84,24.521,27.68
2022,7,2,1.0766,28.653,24.048,26.35
2022,7,3,5.5551,28.056,23.234,25.645
2022,7,4,0.069316,27.669,23.269,25.469
2022,7,5,0.8967,28.084,23.5,25.792
2022,7,6,1.0305,28.012,23.283,25.648
2022,7,7,16.082,28.011,23.649,25.83
2022,7,8,0.57224,27.666,23.62,25.643
2022,7,9,73.353,26.783,22.864,24.824
2022,7,10,18.431,27.038,22.568,24.803
2022,7,11,31.452,25.594,22.702,24.148
2022,7,12,89.482,25.626,22.551,24.089
2022,7,13,92.366,25.091,22.216,23.654
2022,7,14,0.001207,25.644,22.316,23.98
2022,7,15,14.359,27.675,23.283,25.479
2022,7,16,0.61397,28.258,23.992,26.125
2022,7,17,8.7666,26.218,23.285,24.751
2022,7,18,16.457,27.017,22.765,24.891
2022,7,19,0.2503,28.451,22.881,25.666
2022,7,20,0.027635,28.11,23.798,25.954
2022,7,21,0.014248,28.125,23.671,25.898
2022,7,22,0.1754,27.728,24.058,25.893
2022,7,23,58.859,26.138,22.985,24.562
2022,7,24,1.4458,26.926,23.432,25.179
2022,7,25,7.3874,27.927,23.417,25.672
2022,7,26,2.8235,28.004,23.736,25.87
2022,7,27,2.193,29.508,23.239,26.373
2022,7,28,0.1754,30.344,24.517,27.43
2022,7,29,0.60895,29.827,24.217,27.022
2022,7,30,6.8058,30.268,24.518,27.393
2022,7,31,0.0036697,30.943,25.137,28.04
2022,8,1,0.54016,30.337,24.611,27.474
2022,8,2,16.744,30.813,25.332,28.073
2022,8,3,0.2983,30.085,24.616,27.35
2022,8,4,0.31453,29.69,24.358,27.024
2022,8,5,1.5335,29.552,24.264,26.908
2022,8,6,7.6426,28.7,24.167,26.434
2022,8,7,12.495,25.952,22.874,24.413
2022,8,8,63.453,25.579,22.402,23.99
2022,8,9,54.5,25.341,22.6,23.97
2022,8,10,54.641,25.986,22.476,24.231
2022,8,11,1.9434,27.207,23.403,25.305
2022,8,12,1.0709,28.627,23.83,26.229
2022,8,13,2.6465,27.612,23.823,25.717
2022,8,14,29.986,24.638,22.338,23.488
2022,8,15,109.23,25.29,22.051,23.67
2022,8,16,8.4833,28.459,23.572,26.015
2022,8,17,0.62422,29.955,24.225,27.09
2022,8,18,0.43483,29.751,24.24,26.996
2022,8,19,0.81795,28.186,24.399,26.293
2022,8,20,41.438,27.798,23.901,25.85
2022,8,21,26.912,29.076,23.73,26.403
2022,8,22,0.14345,29.367,23.927,26.647
2022,8,23,0.12827,29.801,23.536,26.669
2022,8,24,3.0643,29.386,23.078,26.232
2022,8,25,31.844,29.842,23.371,26.607
2022,8,26,0,30.532,23.522,27.027
2022,8,27,0,30.605,24.305,27.455
2022,8,28,0,30.383,24.399,27.391
2022,8,29,11.428,30.078,23.698,26.888
2022,8,30,10.792,30.541,23.647,27.094
2022,8,31,1.4347,30.626,23.772,27.199
2022,9,1,1.8119,30.543,23.82,27.181
2022,9,2,0.50237,31.27,24.218,27.744
2022,9,3,0.7251,31.178,25.014,28.096
2022,9,4,13.896,28.618,23.068,25.843
2022,9,5,3.6558,30.01,23.106,26.558
2022,9,6,1.0189,30.528,24.135,27.331
2022,9,7,3.7918,29.663,23.809,26.736
2022,9,8,3.7569,29.362,23.856,26.609
2022,9,9,0,29.429,23.963,26.696
2022,9,10,0.28649,28.395,23.372,25.883
2022,9,11,62.132,26.309,22.316,24.313
2022,9,12,15.401,27.103,22.822,24.963
2022,9,13,0.18308,27.518,22.972,25.245
2022,9,14,0,28.967,23.674,26.32
2022,9,15,0.094974,29.25,23.534,26.392
2022,9,16,0.17494,30.027,23.535,26.781
2022,9,17,0.31835,30.028,23.649,26.839
2022,9,18,0.30069,29.883,23.52,26.702
2022,9,19,42.405,27.819,22.239,25.029
2022,9,20,36.844,27.539,22.166,24.853
2022,9,21,12.231,27.921,22.637,25.279
2022,9,22,0,28.021,22.97,25.495
2022,9,23,0.038093,29.341,22.813,26.077
2022,9,24,2.1626,29.856,22.459,26.157
2022,9,25,0.89666,30.142,22.661,26.402
2022,9,26,2.4464,30.522,23.056,26.789
2022,9,27,2.0448,29.746,22.461,26.103
2022,9,28,1.2868,30.884,23.186,27.035
2022,9,29,3.7084,30.166,22.723,26.444
2022,9,30,2.5439,29.911,22.279,26.095
2022,10,1,0.64652,30.016,22.891,26.454
2022,10,2,0.51889,30.437,23.036,26.737
2022,10,3,0,29.843,22.954,26.398
2022,10,4,5.5287,27.089,23.031,25.06
2022,10,5,0.14654,29.19,22.903,26.046
2022,10,6,0.90403,28.204,22.654,25.429
2022,10,7,0.19557,28.471,22.383,25.427
2022,10,8,1.5404,29.329,22.385,25.857
2022,10,9,11.477,28.867,22.031,25.449
2022,10,10,0.45025,29.095,22.262,25.679
2022,10,11,13.719,29.186,22.482,25.834
2022,10,12,27.614,29.008,22.359,25.684
2022,10,13,8.0019,29.18,21.733,25.456
2022,10,14,0,29.069,22.069,25.569
2022,10,15,0,28.577,21.793,25.185
2022,10,16,0.96701,29.763,21.97,25.866
2022,10,17,2.1637,29.76,22.296,26.028
2022,10,18,0.78989,29.394,21.508,25.451
2022,10,19,1.6139,29.142,21.353,25.248
2022,10,20,0.35479,29.335,21.139,25.237
2022,10,21,0,28.845,20.489,24.667
2022,10,22,0,28.091,18.284,23.187
2022,10,23,0.83595,28.213,18.71,23.462
2022,10,24,0,28.738,18.378,23.558
2022,10,25,0,29.202,17.552,23.377
2022,10,26,0.13118,28.911,18.278,23.595
2022,10,27,0,28.828,18.242,23.535
2022,10,28,0,28.356,17.713,23.034
2022,10,29,0,27.861,16.755,22.308
2022,10,30,0,27.514,16.161,21.837
2022,10,31,0,27.502,16.165,21.833
2022,11,1,0,28.017,17.943,22.98
2022,11,2,0,28.627,19.749,24.188
2022,11,3,0,28.876,19.201,24.039
2022,11,4,0,29.172,18.83,24.001
2022,11,5,0,29.518,17.655,23.587
2022,11,6,0,29.342,17.555,23.449
2022,11,7,0.39789,29.41,18.061,23.735
2022,11,8,0.8792,28.738,17.883,23.31
2022,11,9,0,28.123,17.04,22.582
2022,11,10,0,27.929,16.914,22.422
2022,11,11,0,28.01,17.039,22.525
2022,11,12,0.021392,27.827,17.173,22.5
2022,11,13,0.020654,27.449,16.403,21.926
2022,11,14,0.021758,26.972,15.151,21.062
2022,11,15,0.022045,27.122,14.345,20.734
2022,11,16,0,27.314,13.745,20.53
2022,11,17,0,27.457,14.647,21.052
2022,11,18,0,26.721,14.671,20.696
2022,11,19,0,25.839,14.417,20.128
2022,11,20,0,25.269,12.803,19.036
2022,11,21,0,26.189,15.421,20.805
2022,11,22,0,27.526,16.837,22.181
2022,11,23,0,28.006,17.388,22.697
2022,11,24,0,27.582,17.262,22.422
2022,11,25,0,26.804,16.014,21.409
2022,11,26,0,26.469,14.396,20.432
2022,11,27,0,26.428,13.3,19.864
2022,11,28,0,26.304,12.531,19.418
2022,11,29,0,26.363,12.913,19.638
2022,11,30,0,26.775,14.161,20.468
2022,12,1,0,27.478,15.364,21.421
2022,12,2,0.021816,27.594,16.444,22.019
2022,12,3,0,27.672,17.274,22.473
2022,12,4,0,27.543,17.258,22.401
2022,12,5,0,27.122,15.596,21.359
2022,12,6,0,26.518,13.996,20.257
2022,12,7,0,25.072,13.799,19.435
2022,12,8,0,24.601,12.597,18.599
2022,12,9,0,24.313,13.049,18.681
2022,12,10,0.1101,24.269,15.244,19.756
2022,12,11,0,26.623,17.796,22.21
2022,12,12,0,27.533,18.866,23.2
2022,12,13,1.9658,28.862,19.959,24.41
2022,12,14,0.059385,29.179,19.07,24.124
2022,12,15,0.041627,28.835,18.654,23.744
2022,12,16,0.013207,28.724,17.806,23.265
2022,12,17,0,28.095,17.886,22.99
2022,12,18,0,26.582,14.772,20.677
2022,12,19,0,26.092,13.099,19.595
2022,12,20,0,26.99,13.853,20.422
2022,12,21,0,26.547,13.531,20.039
2022,12,22,0,26.703,13.961,20.332
2022,12,23,0,27.364,13.343,20.353
2022,12,24,0,28.21,13.979,21.095
2022,12,25,0.013903,27.978,15.184,21.581
2022,12,26,0,28.337,16.609,22.473
2022,12,27,0,29.197,18.269,23.733
2022,12,28,0,29.046,18.611,23.829
2022,12,29,0,27.802,16.802,22.302
2022,12,30,0,28.303,15.408,21.855
2022,12,31,0,27.762,15.763,21.763
2023,1,1,0,27.289,16.621,21.955
2023,1,2,0,26.462,16.329,21.396
2023,1,3,0.20859,25.902,16.117,21.009
2023,1,4,0,25.054,16.323,20.689
2023,1,5,0,24.321,16.511,20.416
2023,1,6,0,24.78,15.374,20.077
2023,1,7,0,24.876,12.742,18.809
2023,1,8,0,25.095,9.5203,17.308
2023,1,9,0,25.776,10.144,17.96
2023,1,10,0,26.824,11.366,19.095
2023,1,11,0.093688,26.965,11.713,19.339
2023,1,12,0,27.47,12.697,20.083
2023,1,13,0,27.318,13.86,20.589
2023,1,14,0,27.336,14.69,21.013
2023,1,15,0,27.026,14.892,20.959
2023,1,16,0,27.385,14.7,21.042
2023,1,17,0,27.25,15.438,21.344
2023,1,18,0,27.21,15.725,21.468
2023,1,19,0,27.008,15.71,21.359
2023,1,20,0.12409,27.062,15.899,21.481
2023,1,21,0,27.779,16.193,21.986
2023,1,22,0,27.962,15.759,21.861
2023,1,23,0.019887,28.047,15.419,21.733
2023,1,24,0,28.617,15.14,21.879
2023,1,25,0,29.245,14.866,22.056
2023,1,26,0,28.813,14.148,21.481
2023,1,27,0,29.141,14.754,21.947
2023,1,28,0,29.247,15.583,22.415
2023,1,29,0.16264,29.195,16.377,22.786
2023,1,30,0,29.182,17.375,23.279
2023,1,31,0,29.018,17.619,23.318
2023,2,1,0,28.345,17.241,22.793
2023,2,2,0,27.931,14.261,21.096
2023,2,3,0,28.476,12.367,20.421
2023,2,4,0,28.651,12.185,20.418
2023,2,5,0,28.802,12.308,20.555
2023,2,6,0,29.283,12.89,21.086
2023,2,7,0,29.518,14.423,21.971
2023,2,8,0.16243,29.542,15.687,22.614
2023,2,9,0,29.953,15.054,22.504
2023,2,10,0,31.343,14.428,22.885
2023,2,11,0.20288,32.01,14.943,23.476
2023,2,12,0.058741,30.773,16.201,23.487
2023,2,13,0,29.37,13.994,21.682
2023,2,14,0,29.352,12.948,21.15
2023,2,15,0,30.113,13.66,21.886
2023,2,16,0,30.578,14.365,22.471
2023,2,17,0,29.855,15.604,22.729
2023,2,18,0,29.417,16.689,23.053
2023,2,19,0.094907,30.282,17.431,23.856
2023,2,20,0.068684,31.762,16.805,24.283
2023,2,21,0,32.982,17.071,25.026
2023,2,22,0,32.925,16.776,24.851
2023,2,23,0,32.587,17.344,24.965
2023,2,24,0,32.702,16.865,24.783
2023,2,25,0.53744,32.642,17.263,24.952
2023,2,26,0.045143,32.469,17.477,24.973
2023,2,27,0.10092,32.027,17.393,24.71
2023,2,28,0,32.584,17.635,25.109
2023,3,1,0,32.536,17.948,25.242
2023,3,2,0,33.226,17.56,25.393
2023,3,3,0,33.012,17.664,25.338
2023,3,4,0,33.647,17.501,25.574
2023,3,5,0,33.511,17.41,25.46
2023,3,6,0.054897,33.917,17.578,25.747
2023,3,7,0,31.433,18.239,24.836
2023,3,8,4.007e-06,32.098,17.763,24.931
2023,3,9,0,32.89,18.33,25.61
2023,3,10,0,32.005,18.995,25.5
2023,3,11,0,32.619,18.615,25.617
2023,3,12,0.028132,33.118,18.332,25.725
2023,3,13,0,33.712,18.11,25.911
2023,3,14,0,33.81,19.073,26.441
2023,3,15,0,32.779,19.476,26.128
2023,3,16,0.59218,31.193,21.132,26.162
2023,3,17,0.40894,27.376,19.244,23.31
2023,3,18,0,29.12,18.927,24.024
2023,3,19,102.42,28.182,17.791,22.986
2023,3,20,10.897,29.436,17.422,23.429
2023,3,21,7.623,30.036,19.403,24.719
2023,3,22,0,31.107,19.611,25.359
2023,3,23,8.2569,31.777,19.65,25.714
2023,3,24,0,32.541,20.204,26.373
2023,3,25,0,31.89,21.155,26.522
2023,3,26,0.17069,32.7,22.098,27.399
2023,3,27,0,33.327,21.688,27.508
2023,3,28,0,34.094,21.095,27.595
2023,3,29,0,34.372,22.166,28.269
2023,3,30,0.02813,34.756,22.599,28.677
2023,3,31,0.021041,33.425,22.468,27.946
2023,4,1,2.3998,32.761,21.661,27.211
2023,4,2,4.9796,33.246,21.075,27.16
2023,4,3,0,34.401,21.89,28.145
2023,4,4,0,35.102,23.337,29.22
2023,4,5,1.1466,35.366,22.936,29.151
2023,4,6,0,35.599,23.316,29.457
2023,4,7,0.027112,34.524,22.052,28.288
2023,4,8,0.29059,33.364,21.656,27.51
2023,4,9,0.051063,35.256,22.286,28.771
2023,4,10,0.35021,36.605,23,29.803
2023,4,11,0.35021,37.378,22.956,30.167
2023,4,12,0,38.376,23.668,31.022
2023,4,13,0,38.193,24.439,31.316
2023,4,14,0.66181,38.278,24.799,31.539
2023,4,15,0.11197,37.203,25.344,31.274
2023,4,16,0,38.83,24.379,31.604
2023,4,17,0,38.782,24.261,31.521
2023,4,18,0,39.168,24.151,31.66
2023,4,19,1.2015,38.454,23.91,31.182
2023,4,20,0.74668,37.563,24.526,31.045
2023,4,21,6.1821,33.921,22.041,27.981
2023,4,22,1.6021,35.178,22.924,29.051
2023,4,23,51.563,32.842,20.942,26.892
2023,4,24,13.146,33.456,21.458,27.457
2023,4,25,14.395,33.053,23.198,28.126
2023,4,26,18.846,32.7,21.536,27.118
2023,4,27,0,33.722,21.881,27.802
2023,4,28,0.61558,33.702,22.384,28.043
2023,4,29,1.6692,33.022,23.275,28.148
2023,4,30,0,31.464,22.044,26.754
2023,5,1,0.053008,27.293,19.937,23.615
2023,5,2,0,30.848,20.711,25.78
2023,5,3,0,30.216,21.585,25.9
2023,5,4,1.4324,32.054,22.008,27.031
2023,5,5,0.17226,32.764,23.63,28.197
2023,5,6,14.421,34.502,23.666,29.084
2023,5,7,0.32705,35.724,25.252,30.488
2023,5,8,0.010832,36.674,25.287,30.98
2023,5,9,0.51918,37.001,25.498,31.249
2023,5,10,0.11391,36.944,25.021,30.983
2023,5,11,0.010839,37.016,25.008,31.012
2023,5,12,0,37.2,24.181,30.691
2023,5,13,0.0083864,37.367,23.785,30.576
2023,5,14,0.0083864,38.661,24.88,31.77
2023,5,15,0,39.089,26.123,32.606
2023,5,16,0.016778,39.04,26.608,32.824
2023,5,17,0,38.553,26.477,32.515
2023,5,18,0.010927,38.196,26.25,32.223
2023,5,19,0.072927,37.91,26.85,32.38
2023,5,20,1.1957,37.11,25.115,31.113
2023,5,21,1.5103,37.818,25.886,31.852
2023,5,22,17.638,37.375,25.402,31.388
2023,5,23,29.334,37.451,25.191,31.321
2023,5,24,5.4857,38.156,26.814,32.485
2023,5,25,0.00016827,38.337,26.87,32.604
2023,5,26,0,37.544,26.85,32.197
2023,5,27,0,38.562,25.725,32.144
2023,5,28,0,37.467,25.238,31.353
2023,5,29,0,37.246,25.839,31.543
2023,5,30,0,35.638,24.983,30.311
2023,5,31,0.39408,37.47,25.004,31.237
2023,6,1,0.16859,38.526,26.261,32.394
2023,6,2,0.012518,38.772,26.181,32.477
2023,6,3,0.044636,38.566,26.11,32.338
2023,6,4,0.42302,37.576,26.936,32.256
2023,6,5,0.11295,37.047,25.079,31.063
2023,6,6,0.0033826,38.789,27.391,33.09
2023,6,7,0.060484,39.097,28.073,33.585
2023,6,8,0.20444,39.489,27.683,33.586
2023,6,9,0.75455,39.332,28.723,34.027
2023,6,10,0.014832,39.528,28.919,34.224
2023,6,11,0.68003,38.848,28.113,33.48
2023,6,12,0.040045,38.491,29.085,33.788
2023,6,13,2.5689,37.996,28.71,33.353
2023,6,14,1.2073,37.806,29.048,33.427
2023,6,15,0.23658,37.959,28.315,33.137
2023,6,16,0.55447,39.15,28.558,33.854
2023,6,17,0.43805,37.701,28.913,33.307
2023,6,18,0.044813,37.703,29.264,33.484
2023,6,19,0.92387,35.471,28.151,31.811
2023,6,20,0.14345,36.65,27.985,32.317
2023,6,21,26.975,35.322,26.619,30.971
2023,6,22,12.866,32.258,26.247,29.252
2023,6,23,47.676,27.853,23.36,25.606
2023,6,24,22.122,28.193,23.613,25.903
2023,6,25,0.12554,28.357,23.837,26.097
2023,6,26,3.0756,26.574,23.043,24.808
2023,6,27,24.452,26.604,22.935,24.77
2023,6,28,3.2989,28.533,23.722,26.127
2023,6,29,0.20732,30.757,24.724,27.74
2023,6,30,0.38403,31.862,25.358,28.61
2023,7,1,0.056878,33.067,26.273,29.67
2023,7,2,0.42536,32.896,26.259,29.578
2023,7,3,0,33.297,26.265,29.781
2023,7,4,1.0254,33.201,25.977,29.589
2023,7,5,5.2807,30.043,24.467,27.255
2023,7,6,8.5536,28.871,24.44,26.655
2023,7,7,27.216,28.45,23.612,26.031
2023,7,8,7.0688,29.148,23.964,26.556
2023,7,9,2.3057,30.317,24.517,27.417
2023,7,10,0.027106,31.017,24.517,27.767
2023,7,11,8.6294,27.94,23.674,25.807
2023,7,12,2.5067,28.284,23.216,25.75
2023,7,13,2.9424,28.298,23.409,25.853
2023,7,14,0.73795,29.588,24.073,26.83
2023,7,15,3.4083,27.484,23.918,25.701
2023,7,16,2.1229,27.082,23.322,25.202
2023,7,17,14.074,25.895,22.458,24.177
2023,7,18,12.315,25.284,22.597,23.941
2023,7,19,11.537,26.728,22.446,24.587
2023,7,20,0.028965,26.897,23.242,25.07
2023,7,21,49.159,27.256,23.55,25.403
2023,7,22,20.099,27.252,23.65,25.451
2023,7,23,2.926,28.333,23.629,25.981
2023,7,24,14.603,28.522,24.081,26.302
2023,7,25,9.1891,28.87,23.883,26.377
2023,7,26,0.13498,27.62,24.207,25.913
2023,7,27,47.265,27.48,23.518,25.499
2023,7,28,48.878,28.333,24.039,26.186
2023,7,29,2.418,29.066,24.279,26.672
2023,7,30,0.95178,28.881,24.675,26.778
2023,7,31,0,28.657,24.206,26.432
2023,8,1,4.201,27.713,23.948,25.831
2023,8,2,30.562,25.927,23.335,24.631
2023,8,3,37.456,26.744,23.52,25.132
2023,8,4,3.9024,27.888,23.456,25.672
2023,8,5,0.64678,29.529,24.519,27.024
2023,8,6,0.032839,29.367,24.563,26.965
2023,8,7,0.70572,28.805,24.839,26.822
2023,8,8,1.1854,29.305,23.933,26.619
2023,8,9,0.72583,30.17,24.216,27.193
2023,8,10,0,31.097,24.519,27.808
2023,8,11,0,31.528,24.816,28.172
2023,8,12,0,31.141,24.917,28.029
2023,8,13,0.18105,30.854,24.903,27.879
2023,8,14,0.37766,29.666,24.013,26.84
2023,8,15,0.37574,29.94,24.079,27.009
2023,8,16,7.535,30.098,24.574,27.336
2023,8,17,1.4099,28.608,24.341,26.475
2023,8,18,28.704,26.338,23.088,24.713
2023,8,19,47.05,25.93,22.636,24.283
2023,8,20,1.6584,28.331,23.331,25.831
2023,8,21,3.0082,30.055,24.109,27.082
2023,8,22,0.12429,30.097,24.183,27.14
2023,8,23,7.5184,29.836,24.348,27.092
2023,8,24,0.88352,29.542,23.572,26.557
2023,8,25,8.8027,30.087,23.698,26.892
2023,8,26,4.5035,29.204,23.608,26.406
2023,8,27,12.65,30.001,23.407,26.704
2023,8,28,4.0814,30.544,23.686,27.115
2023,8,29,0.073135,31.044,23.374,27.209
2023,8,30,0,31.455,23.605,27.53
2023,8,31,0.17925,32.056,24.389,28.223
2023,9,1,0.21737,32.372,25.153,28.763
2023,9,2,1.2668,31.775,25.333,28.554
2023,9,3,19.27,29.748,23.505,26.626
2023,9,4,18.732,28.078,22.88,25.479
2023,9,5,0.091643,28.463,23.066,25.764
2023,9,6,10.449,28.107,23.099,25.603
2023,9,7,21.163,27.434,23.329,25.381
2023,9,8,11.612,27.97,23.295,25.632
2023,9,9,0.36768,28.946,24.141,26.544
2023,9,10,0.69755,29.052,23.68,26.366
2023,9,11,0.91925,28.492,23.424,25.958
2023,9,12,8.6806,28.396,23.584,25.99
2023,9,13,48.356,27.075,23.362,25.218
2023,9,14,73.143,26.945,22.784,24.864
2023,9,15,18.966,27.845,23.163,25.504
2023,9,16,0.34369,29.841,23.38,26.61
2023,9,17,0.033964,30.855,23.477,27.166
2023,9,18,0.14881,31.412,24.003,27.708
2023,9,19,0.53777,31.08,23.603,27.341
2023,9,20,1.9486,28.507,23.864,26.186
2023,9,21,45.775,26.85,22.742,24.796
2023,9,22,12.65,27.45,22.211,24.83
2023,9,23,3.3518,28.956,22.95,25.953
2023,9,24,0,29.13,23.233,26.181
2023,9,25,3.2217,29.681,22.975,26.328
2023,9,26,1.6365,30.663,22.847,26.755
2023,9,27,4.4639,31.04,23.472,27.256
2023,9,28,0.067052,31.756,23.908,27.832
2023,9,29,0.42759,31.21,23.7,27.455
2023,9,30,38.438,30.683,23.187,26.935
2023,10,1,1.1191,30.539,23.778,27.159
2023,10,2,1.7989,29.775,23.704,26.739
2023,10,3,2.6856,30.361,23.726,27.043
2023,10,4,2.1163,31.056,22.8,26.928
2023,10,5,0.33146,31.415,21.48,26.448
2023,10,6,0.05406,31.42,21.614,26.517
2023,10,7,0.073094,31.909,22.04,26.975
2023,10,8,0.02777,32.356,22.788,27.572
2023,10,9,0.11108,32.52,22.632,27.576
2023,10,10,0,32.521,22.904,27.713
2023,10,11,0.76269,32.366,22.9,27.633
2023,10,12,0.030537,32.203,22.205,27.204
2023,10,13,1.84,31.964,21.849,26.907
2023,10,14,1.181,32.201,21.659,26.93
2023,10,15,0.46844,32.147,21.752,26.95
2023,10,16,0.030553,31.763,21.278,26.52
2023,10,17,0.61141,31.784,21.003,26.393
2023,10,18,0,31.117,20.568,25.842
2023,10,19,0,31.041,21.115,26.078
2023,10,20,0,30.221,20.93,25.576
2023,10,21,0,30.132,20.181,25.157
2023,10,22,0.73064,29.292,18.877,24.085
2023,10,23,0.027495,28.799,18.176,23.488
2023,10,24,0,29.461,18.594,24.027
2023,10,25,0,29.967,18.873,24.42
2023,10,26,0,29.772,18.644,24.208
2023,10,27,0.0044314,29.472,18.089,23.781
2023,10,28,0,29.304,18.046,23.675
2023,10,29,0.0029259,29.117,18.019,23.568
2023,10,30,0,29.158,17.945,23.552
2023,10,31,0.0038952,28.973,17.718,23.346
2023,11,1,0,29.781,18.733,24.257
2023,11,2,0.0027496,30.399,20.24,25.32
2023,11,3,0.00042374,30.211,20.97,25.591
2023,11,4,12.568,29.886,20.477,25.181
2023,11,5,0,29.652,19.819,24.735
2023,11,6,0.092208,29.846,19.866,24.856
2023,11,7,0.058374,29.848,19.63,24.739
2023,11,8,0,29.912,18.924,24.418
2023,11,9,0,29.842,17.701,23.772
2023,11,10,0,29.743,17.118,23.431
2023,11,11,0.028701,30.19,17.68,23.935
2023,11,12,0.12393,29.586,17.79,23.688
2023,11,13,0,28.938,17.498,23.218
2023,11,14,0,28.043,17.698,22.871
2023,11,15,0,27.849,17.525,22.687
2023,11,16,0,28.642,17.142,22.892
2023,11,17,0,29.293,17.54,23.417
2023,11,18,0,29.454,17.858,23.656
2023,11,19,0,29.256,18.277,23.766
2023,11,20,0.034305,28.198,17.909,23.053
2023,11,21,0.013082,27.893,17.693,22.793
2023,11,22,0.013049,28.531,18.391,23.461
2023,11,23,0.085581,27.752,18.365,23.059
2023,11,24,0,26.182,18.901,22.541
2023,11,25,6.0989e-06,27.695,18.491,23.093
2023,11,26,0.32347,27.507,17.537,22.522
2023,11,27,0,26.108,17.875,21.992
2023,11,28,0,25.734,16.955,21.345
2023,11,29,1.1224,27.675,17.541,22.608
2023,11,30,0.7633,28.511,17.666,23.088
2023,12,1,0,28.584,17.589,23.087
2023,12,2,0,28.622,18.051,23.337
2023,12,3,0,28.239,18.143,23.191
2023,12,4,0.015072,25.957,18.76,22.358
2023,12,5,0,23.621,18.756,21.188
2023,12,6,38.602,21.138,17.23,19.184
2023,12,7,88.641,22.872,17.438,20.155
2023,12,8,0,24.925,16.933,20.929
2023,12,9,0,25.888,16.574,21.231
2023,12,10,0,25.315,15.022,20.168
2023,12,11,0,25.403,14.475,19.939
2023,12,12,0,25.382,14.662,20.022
2023,12,13,0,25.596,14.948,20.272
2023,12,14,0,25.624,14.288,19.956
2023,12,15,0,25.102,13.713,19.408
2023,12,16,0,25.326,13.877,19.601
2023,12,17,0,25.09,14.341,19.715
2023,12,18,0,24.644,14.177,19.411
2023,12,19,0,23.791,12.878,18.335
2023,12,20,0,24.2,12.287,18.243
2023,12,21,0,24.332,11.486,17.909
2023,12,22,0,25.453,11.555,18.504
2023,12,23,0,24.993,13.081,19.037
2023,12,24,0,25.932,12.979,19.456
2023,12,25,0,26.507,13.959,20.233
2023,12,26,0,26.832,14.394,20.613
2023,12,27,0,26.809,15.009,20.909
2023,12,28,0,26.387,14.715,20.551
2023,12,29,0,25.561,14.349,19.955
2023,12,30,0,25.903,14.235,20.069
2023,12,31,0,25.595,14.399,19.997
2024,1,1,0,25.536,14.571,20.054
2024,1,2,0,25.764,13.783,19.773
2024,1,3,0,25.893,13.843,19.868
2024,1,4,1.017e-06,25.753,14.117,19.935
2024,1,5,0,26.106,14.156,20.131
2024,1,6,0,25.851,14.938,20.395
2024,1,7,0,26.22,14.239,20.23
2024,1,8,0.043881,27.36,15.614,21.487
2024,1,9,0,27.186,17.05,22.118
2024,1,10,0,27.061,16.856,21.958
2024,1,11,0.15457,27.953,17.509,22.731
2024,1,12,0,27.804,16.683,22.244
2024,1,13,0,28.051,16.734,22.393
2024,1,14,0,28.189,16.062,22.126
2024,1,15,0,27.099,16.019,21.559
2024,1,16,0,27.389,15.913,21.651
2024,1,17,0,26.977,16.508,21.743
2024,1,18,0,26.88,16.837,21.859
2024,1,19,0,26.655,16.452,21.553
2024,1,20,0,26.268,17.005,21.636
2024,1,21,0,26.759,16.735,21.747
2024,1,22,9.2298e-05,26.524,16.635,21.579
2024,1,23,0,25.97,17.811,21.891
2024,1,24,1.0656,25.417,16.601,21.009
2024,1,25,0.68782,25.231,14.863,20.047
2024,1,26,0.018055,26.179,13.616,19.898
2024,1,27,0,26.782,13.498,20.14
2024,1,28,0,27.093,13.029,20.061
2024,1,29,0.06048,27.859,14.206,21.032
2024,1,30,0,27.967,14.749,21.358
2024,1,31,0,28.196,15.694,21.945
2024,2,1,0,28.905,16.92,22.912
2024,2,2,0.020119,28.38,17.609,22.995
2024,2,3,0,28.814,16.457,22.636
2024,2,4,0,29.422,15.877,22.65
2024,2,5,0,30.105,16.827,23.466
2024,2,6,0,30.67,18.493,24.582
2024,2,7,0.026255,30.774,18.561,24.668
2024,2,8,0.0097668,29.156,18.503,23.83
2024,2,9,0,29.056,16.694,22.875
2024,2,10,7.8415e-07,28.885,17.117,23.001
2024,2,11,0,28.616,17.631,23.124
2024,2,12,0.61267,28.874,17.743,23.309
2024,2,13,0,29.302,17.122,23.212
2024,2,14,0,29.66,16.631,23.145
2024,2,15,0,29.89,16.511,23.2
2024,2,16,0,30.532,16.079,23.306
2024,2,17,0,30.888,16.814,23.851
2024,2,18,0,31.466,17.853,24.66
2024,2,19,0.12673,31.536,18.497,25.017
2024,2,20,0,32.181,18.269,25.225
2024,2,21,0,32.348,18.097,25.223
2024,2,22,0,31.343,18.292,24.818
2024,2,23,0,30.308,18.044,24.176
2024,2,24,0.0071773,30.103,18.155,24.129
2024,2,25,3.1532,29.396,19.368,24.382
2024,2,26,31.118,30.073,19.266,24.67
2024,2,27,0.87694,31.726,19.445,25.586
2024,2,28,4.1867,31.613,18.903,25.258
2024,2,29,0,31.57,19.073,25.321
2024,3,1,0,33.676,19.075,26.376
2024,3,2,0,32.25,19.586,25.918
2024,3,3,0,32.268,19.819,26.044
2024,3,4,0,31.963,19.95,25.957
2024,3,5,0.11449,32.141,19.121,25.631
2024,3,6,0,32.997,19.67,26.333
2024,3,7,0.085101,32.856,20.442,26.649
2024,3,8,0,33.02,20.148,26.584
2024,3,9,0,32.85,19.558,26.204
2024,3,10,0,33.086,20.426,26.756
2024,3,11,0,33.596,21.422,27.509
2024,3,12,0,34.099,21.295,27.697
2024,3,13,0,34.978,21.984,28.481
2024,3,14,0,34.453,22.026,28.239
2024,3,15,0,34.322,21.058,27.69
2024,3,16,0,33.223,22.22,27.722
2024,3,17,0,31.897,21.414,26.655
2024,3,18,0.095744,31.588,20.308,25.948
2024,3,19,0.048801,30.005,20.108,25.056
2024,3,20,20.188,28.474,17.365,22.92
2024,3,21,0.053617,31.746,17.258,24.502
2024,3,22,0,33.378,19.376,26.377
2024,3,23,0.023425,33.939,20.386,27.162
2024,3,24,0,34.372,21.14,27.756
2024,3,25,0,34.988,21.981,28.485
2024,3,26,0,34.828,21.288,28.058
2024,3,27,0.03324,35.291,21.766,28.529
2024,3,28,0.018314,36.664,22.357,29.51
2024,3,29,0.010686,36.689,22.995,29.842
2024,3,30,0,36.977,23.623,30.3
2024,3,31,0.00045565,36.095,23.386,29.74
2024,4,1,0,37.155,22.853,30.004
2024,4,2,0,37.417,23.719,30.568
2024,4,3,0,37.351,23.912,30.632
2024,4,4,1.3632,37.824,24.728,31.276
2024,4,5,0,38.748,24.865,31.807
2024,4,6,0,38.913,24.918,31.915
2024,4,7,0,36.107,25.344,30.725
2024,4,8,0.012052,32.888,23.124,28.006
2024,4,9,0.61857,32.842,22.116,27.479
2024,4,10,0.11344,35.144,21.929,28.537
2024,4,11,1.7208,30.209,21.101,25.655
2024,4,12,0.055485,32.116,21.811,26.963
2024,4,13,0,32.96,21.79,27.375
2024,4,14,0,36.399,23.253,29.826
2024,4,15,0.0043699,37.74,24.056,30.898
2024,4,16,0,38.215,25.204,31.709
2024,4,17,0,38.187,25.583,31.885
2024,4,18,0,38.599,24.52,31.56
2024,4,19,0.033025,38.734,24.659,31.697
2024,4,20,0.71658,37.064,25.643,31.354
2024,4,21,5.3397,37.925,24.653,31.289
2024,4,22,1.5604,36.27,25.084,30.677
2024,4,23,0.049771,38.003,24.568,31.286
2024,4,24,0.00025525,38.364,25.011,31.687
2024,4,25,0,39.17,24.834,32.002
2024,4,26,0.055247,39.187,25.933,32.56
2024,4,27,0.031563,39.224,25.495,32.359
2024,4,28,0.031563,38.845,25.298,32.072
2024,4,29,0.14464,39.407,26.055,32.731
2024,4,30,0.075015,40.216,25.917,33.066
2024,5,1,0.1575,40.31,26.78,33.545
2024,5,2,0,39.768,26.693,33.23
2024,5,3,0,40.167,25.923,33.045
2024,5,4,0,39.921,26.09,33.006
2024,5,5,0,39.71,26.273,32.991
2024,5,6,0.035232,40.01,26.749,33.379
2024,5,7,11.533,35.123,24.771,29.947
2024,5,8,4.5465,36.191,23.202,29.697
2024,5,9,0.94304,35.591,25.169,30.38
2024,5,10,0.13757,36.322,23.869,30.096
2024,5,11,0.684,37.329,24.59,30.959
2024,5,12,0.053599,35.727,24.956,30.342
2024,5,13,28.45,34.43,23.546,28.988
2024,5,14,0.015077,36.703,24.065,30.384
2024,5,15,0,35.769,24.985,30.377
2024,5,16,0,34.88,25.418,30.149
2024,5,17,0,33.223,24.277,28.75
2024,5,18,0.52389,33.971,23.984,28.978
2024,5,19,26.754,35.438,24.716,30.077
2024,5,20,0,36.85,25.521,31.186
2024,5,21,0.72809,36.527,25.391,30.959
2024,5,22,1.7459,36.41,25.719,31.065
2024,5,23,0,36.205,24.915,30.56
2024,5,24,0.26678,36.82,26.09,31.455
2024,5,25,4.0785,35.629,25.525,30.577
2024,5,26,0.28074,37.28,26.469,31.875
2024,5,27,0.36171,37.611,26.835,32.223
2024,5,28,0,37.637,28.21,32.924
2024,5,29,0.18959,38.856,28.869,33.862
2024,5,30,0.017895,39.651,28.624,34.138
2024,5,31,0.7532,39.593,29.033,34.313
2024,6,1,0.20988,38.282,27.206,32.744
2024,6,2,0.97314,36.817,27.615,32.216
2024,6,3,1.1331,34.79,24.403,29.596
2024,6,4,0,35.876,25.95,30.913
2024,6,5,2.2908,35.295,25.851,30.573
2024,6,6,4.1842,35.45,25.656,30.553
2024,6,7,0.40241,35.035,26.019,30.527
2024,6,8,1.3774,34.723,25.338,30.03
2024,6,9,1.2619,34.334,26.184,30.259
2024,6,10,0.035916,34.827,26.438,30.632
2024,6,11,0,36.257,26.68,31.468
2024,6,12,2.5387,33.235,25.343,29.289
2024,6,13,0.95702,33.322,26.37,29.846
2024,6,14,0.96843,34.492,26.301,30.396
2024,6,15,6.5167,35.558,26.49,31.024
2024,6,16,0.091363,34.098,25.327,29.713
2024,6,17,0.40771,34.613,25.937,30.275
2024,6,18,1.3722,34.413,26.967,30.69
2024,6,19,0.073053,32.975,25.341,29.158
2024,6,20,1.4816,32.537,25.009,28.773
2024,6,21,11.612,30.953,24.663,27.808
2024,6,22,35.037,29.053,23.357,26.205
2024,6,23,1.4302,29.404,23.938,26.671
2024,6,24,3.0149,30.94,24.327,27.633
2024,6,25,0,31.397,25.59,28.493
2024,6,26,0.85745,32.035,26.126,29.081
2024,6,27,24.7,30.075,24.564,27.319
2024,6,28,26.752,28.959,24.202,26.58
2024,6,29,0.11746,28.899,24.293,26.596
2024,6,30,9.0661,28.268,23.413,25.84
2024,7,1,4.4751,28.282,23.281,25.782
2024,7,2,3.6314,29.439,24.072,26.756
2024,7,3,0.0081068,29.267,23.555,26.411
2024,7,4,2.4327,29.3,24.35,26.825
2024,7,5,2.5891,29.415,23.924,26.67
2024,7,6,2.2744,29.373,23.898,26.635
2024,7,7,4.8964,29.078,23.977,26.528
2024,7,8,0.40972,29.586,23.898,26.742
2024,7,9,6.8378,29.298,24.088,26.693
2024,7,10,7.0798,29.829,24.516,27.172
2024,7,11,0.098266,30.2,24.937,27.569
2024,7,12,0.34702,29.13,24.417,26.774
2024,7,13,0.87558,28.11,23.689,25.899
2024,7,14,65.969,27.463,23.446,25.455
2024,7,15,46.068,27.179,23.347,25.263
2024,7,16,41.112,28.089,23.851,25.97
2024,7,17,12.353,27.588,23.837,25.712
2024,7,18,1.7731,27.104,23.442,25.273
2024,7,19,19.199,26.304,22.493,24.399
2024,7,20,71.671,25.098,22.597,23.847
2024,7,21,47.965,24.826,21.748,23.287
2024,7,22,22.269,25.076,21.763,23.419
2024,7,23,26.89,25.389,22.93,24.16
2024,7,24,8.9645,24.657,22.495,23.576
2024,7,25,18.327,25.38,22.632,24.006
2024,7,26,1.9059,25.758,22.909,24.333
2024,7,27,32.167,25.488,22.671,24.08
2024,7,28,80.562,26.779,23.021,24.9
2024,7,29,0.12967,27.325,22.825,25.075
2024,7,30,0.047151,28.531,23.924,26.228
2024,7,31,1.9954,28.887,24.455,26.671
2024,8,1,0.038548,27.463,23.879,25.671
2024,8,2,11.589,26.879,23.316,25.098
2024,8,3,36.946,27.128,23.04,25.084
2024,8,4,4.2148,28.591,23.885,26.238
2024,8,5,0,28.994,24.208,26.601
2024,8,6,1.8377,26.925,23.663,25.294
2024,8,7,50.275,25.264,22.976,24.12
2024,8,8,22.303,26.905,22.724,24.814
2024,8,9,3.3386,28.017,23.317,25.667
2024,8,10,0.5484,29.143,23.691,26.417
2024,8,11,1.4245,29.53,23.672,26.601
2024,8,12,0.29764,29.604,24.139,26.871
2024,8,13,2.3611,30.247,24.415,27.331
2024,8,14,0.9134,29.03,24.469,26.749
2024,8,15,5.8321,29.583,24.354,26.968
2024,8,16,27.123,28.38,24.056,26.218
2024,8,17,4.9563,29.043,24.006,26.524
2024,8,18,0.20017,30.127,24.668,27.398
2024,8,19,10.562,29.066,24.415,26.74
2024,8,20,0.59328,29.613,23.937,26.775
2024,8,21,3.3501,30.434,24.587,27.51
2024,8,22,0.37551,28.61,24.071,26.341
2024,8,23,2.1196,28.236,22.977,25.606
2024,8,24,29.583,26.749,22.249,24.499
2024,8,25,2.7458,27.493,22.424,24.958
2024,8,26,1.3323,28.397,23.059,25.728
2024,8,27,0.74413,29.432,23.595,26.514
2024,8,28,0.45837,29.504,23.686,26.595
2024,8,29,26.341,27.359,22.653,25.006
2024,8,30,12.19,27.281,22.223,24.752
2024,8,31,3.9851,27.606,22.796,25.201
2024,9,1,0.049198,27.597,22.965,25.281
2024,9,2,0.37463,27.48,22.935,25.207
2024,9,3,0.7289,27.655,22.871,25.263
2024,9,4,0.38942,28.482,23.006,25.744
2024,9,5,3.6597,29.348,23.599,26.473
2024,9,6,24.938,29.698,23.319,26.509
2024,9,7,17.166,29.225,23.15,26.188
2024,9,8,12.656,27.292,22.981,25.137
2024,9,9,71.402,26.43,22.677,24.554
2024,9,10,72.372,27.297,23.021,25.159
2024,9,11,0.23617,29.416,23.645,26.531
2024,9,12,2.1471,29.952,23.656,26.804
2024,9,13,3.6655,30.117,23.85,26.983
2024,9,14,1.8768,29.745,23.566,26.655
2024,9,15,1.0359,30.036,23.197,26.616
2024,9,16,0,29.717,22.764,26.241
2024,9,17,0,29.232,23.204,26.218
2024,9,18,0.2613,30.378,23.349,26.863
2024,9,19,0.37504,31.279,22.912,27.096
2024,9,20,0.17448,31.565,23.586,27.575
2024,9,21,0,31.653,23.825,27.739
2024,9,22,0.12299,31.342,22.828,27.085
2024,9,23,9.6806,30.465,23.447,26.956
2024,9,24,3.507,28.298,22.616,25.457
2024,9,25,5.8156,28.119,22.251,25.185
2024,9,26,16.233,28.609,22.962,25.785
2024,9,27,9.8964,29.054,22.93,25.992
2024,9,28,4.0407,30.695,23.117,26.906
2024,9,29,0.17376,31.737,23.818,27.777
2024,9,30,0.49368,31.885,23.723,27.804
2024,10,1,2.1141,32.324,24.32,28.322
2024,10,2,0.073527,32.018,24.367,28.193
2024,10,3,0.13868,32.645,23.818,28.232
2024,10,4,0.088807,32.83,23.76,28.295
2024,10,5,0.00017085,32.241,23.698,27.969
2024,10,6,1.9205,31.685,23.539,27.612
2024,10,7,0,31.707,22.741,27.224
2024,10,8,0.074619,31.263,23.187,27.225
2024,10,9,0.063655,30.641,22.54,26.59
2024,10,10,0.54062,30.767,22.485,26.626
2024,10,11,0,30.737,22.805,26.771
2024,10,12,0.021484,31.186,23.011,27.099
2024,10,13,0,31.085,22.96,27.022
2024,10,14,0,31.162,22.648,26.905
2024,10,15,0.10456,31.369,22.715,27.042
2024,10,16,2.6426e-07,31.242,22.945,27.094
2024,10,17,0,31.075,22.939,27.007
2024,10,18,1.0351,31.676,22.848,27.262
2024,10,19,0.0014835,31.485,22.923,27.204
2024,10,20,18.085,29.675,22.113,25.894
2024,10,21,11.769,30.15,21.545,25.848
2024,10,22,0,30.551,21.057,25.804
2024,10,23,0,29.999,20.673,25.336
2024,10,24,0,28.671,20.096,24.383
2024,10,25,0,29.611,20.467,25.039
2024,10,26,0,29.8,21.33,25.565
2024,10,27,0,29.263,20.899,25.081
2024,10,28,0,30.081,21.634,25.858
2024,10,29,0,30.657,22.069,26.363
2024,10,30,0.79871,30.157,22.681,26.419
2024,10,31,0.060646,30.949,22.124,26.536
2024,11,1,0,31.089,21.961,26.525
2024,11,2,0.00012875,30.19,20.714,25.452
2024,11,3,0,29.729,21.037,25.383
2024,11,4,0,29.685,19.828,24.756
2024,11,5,0,29.63,19.045,24.338
2024,11,6,0,29.769,18.708,24.238
2024,11,7,0,29.756,18.896,24.326
2024,11,8,0,29.755,19.23,24.493
2024,11,9,0.083794,30.047,19.706,24.877
2024,11,10,0.1168,29.175,19.341,24.258
2024,11,11,0.038486,29.116,17.763,23.439
2024,11,12,0.038486,28.777,18.383,23.58
2024,11,13,0.60207,29.013,18.802,23.908
2024,11,14,1.0264,28.836,18.051,23.444
2024,11,15,0,28.423,17.55,22.987
2024,11,16,0.6097,27.866,16.915,22.39
2024,11,17,0,27.313,15.925,21.619
2024,11,18,0,27.262,15.133,21.197
2024,11,19,0,26.629,13.921,20.275
2024,11,20,0,26.291,13.661,19.976
2024,11,21,0,26.083,14.216,20.15
2024,11,22,0,26.136,14.247,20.191
2024,11,23,0,26.294,14.102,20.198
2024,11,24,0,25.92,13.838,19.879
2024,11,25,0,25.466,13.276,19.371
2024,11,26,0,26.301,13.405,19.853
2024,11,27,0,25.505,12.769,19.137
2024,11,28,0,25.451,12.974,19.212
2024,11,29,0,26.212,15.023,20.618
2024,11,30,0,24.76,16.639,20.699
2024,12,1,0,25.35,17.894,21.622
2024,12,2,0,26.034,17.913,21.973
2024,12,3,0,27.526,18.822,23.174
2024,12,4,0.17666,28.735,18.904,23.819
2024,12,5,0.001715,29.55,18.974,24.262
2024,12,6,0.013864,29.319,18.91,24.114
2024,12,7,0,27.746,18.064,22.905
2024,12,8,0,27.648,18.683,23.165
2024,12,9,0,27.949,18.395,23.172
2024,12,10,0,27.1,16.173,21.636
2024,12,11,0,26.286,14.22,20.253
2024,12,12,0,25.546,12.485,19.016
2024,12,13,0,25.054,12.204,18.629
2024,12,14,0,25.037,10.575,17.806
2024,12,15,0,24.898,9.6042,17.251
2024,12,16,0,25.077,9.3788,17.228
2024,12,17,0,25.491,10.204,17.847
2024,12,18,0,25.937,11.754,18.845
2024,12,19,0,26.125,13.791,19.958
2024,12,20,0,25.751,17.518,21.634
2024,12,21,0,25.946,17.211,21.578
2024,12,22,0.038234,26.577,15.857,21.217
2024,12,23,0,26.275,15.257,20.766
2024,12,24,0,24.987,17.121,21.054
2024,12,25,36.249,22.863,16.816,19.84
2024,12,26,60.554,26.433,17.644,22.038
2024,12,27,0,27.487,17.95,22.719
2024,12,28,0,27.979,17.185,22.582
2024,12,29,0.16697,27.945,17.151,22.548
2024,12,30,0,27.849,16.727,22.288
2024,12,31,0,26.858,16.49,21.674
